100
[7998725336653383203658644639673805448553730986337128386926545744008381384348409264866333582258561179132241508936069720871865895053632019929236743348039021, 1993938860438750843589842757968313427718259534664174282914852335272086243792497573680387148722647412680490224484736059954284097163105446004304579443902885]
[1584281268132041130136063028068647802946693514083037282865347909389113646326496880754713194014816937125452097553429585632706709591096912490131057767522215, 5719939667095901974655923856562658644381855759531436806290065545552074216116164700528636175120261991749773247983596874052710825058653124494883450456533711]
[5026514246353902685201740195072320689409174516888490906065340564029332214480867319156110138156783457417899623530938345759318531783232975816042040719122861, 3471433244644584789384521163178650625534054754400975336407015162646850269798918311106929431993463188060791157117319680631582960656300386955480926274064078]
[5306705140463607287155085131774604217109874085161801470486142629331952007910978498665256170230903393411060418625938050928366430152180169463061204771472241, 4162520800010396538866884347584393013871904326234680819391397144458513496041741762094347068457906436012769871133646554531376237842168883377277137063877930]
[2588037980578219824712216155231309293051788708437335498812610380343781579929502470723574244677785180734499354399885442197951977963918460605352692167709267, 132338142621838906886287579480337292358338721075874366597998599984745164973888649324998081200985674459335434220363885747553496899750869964063483845350951]
[3389070525466531516321948664524983300603577925467738793558704901532154220446918134892145125508957205333367135918631440626255230686951399642545578864044792, 1878162609825275316432281716151871483879746222376024316428112409903687718818901523825093110631340867470697562838514215849151020379990239849589584819798645]
[6514660173277631914526827470522239697359639305548688710256522145425532873964888790353798302586742432393676989680908135577884679370872593157500158016662735, 3346500593926239682205715767717073588888590381586963330288805950038559950090923475832917073364464766252680071691100529393917908045809356726712734622852019]
[7936868357795219206524429791775251148762459133207559250802162141000415542318972649068186847949392300091179156099810777001620126545839762965112609104725326, 1074510605315312047629942008347843193943808891577957618293059377179360194685041053520055047159827458401691127774090304237587796318787798810116777816126700]
[2091599474203553938868903882672287200392958585388556455442568406504200630283634628405992145231261148235303863384388078188788295358398739555862632201101416, 2825358719512325654796800865425299607036547438642278309862625296957905823285063806155515859100975448079500524422137616761038883196162617139517849815988099]
[2924847566655516413419512573740562274344300092592690338746440020792061438982757442510836269269493538752557965017309595043168047387957924453718218303793187, 6368428624135867593584036692885124611492851664153599745182542675345655761808993040010493901872232068666200042108639310340864187510126753062318839810242955]
[7397973718620629529809306749234654278072598982638429559960411282911204451979854907288733920539697383345032777787297335431810776913038434704118815489941814, 2404475080457766754799144149172598377616821350012996299101303499381247107638655057366680518953045678391895675060618972932617305620034718215656313164906943]
[2253007171777070225348477246527035721016199286245628130098608683983536861703150860350918050752771205117615470937133178077947044729543679383779598120295152, 1644834171238277601570255271066348866612836794532343434098374794327661293213843934429953802828440884865104678799389791637819842292137255219782304314068487]
[6821906942658803517642505491715290741271506349290883456669161554303426908339044684666129589857275858724762983928119609572912839701011227528735751985175998, 100285792291578358184356769076222180253176463083394002392992677723558326185198854776466404303743592179167843957992847276003906635649266155400483846001083]
[2460583690983801704660870130279194569390748171007310424122483894835054308097622200745993619364616394390299679137495519931287441530625911707006331860349854, 1797918838931094846634827014100481238400710631007130521558579656425122166874628746568417032866856062838100753054079241847467374460110723402381541042109494]
[8450200707369475555075304812553111655662531523091414443692061317731492853803386680748183586997587915819654283649949427732000874053908772259273785262305913, 7238197362943025775225500618902112972003605038456457824151017754289420158011127130611004646326479653959633397035709999476419393649266724718491828519598347]
[5876024899322286636195936598857840522223904979005073620042250630498168960009953120355499864684038516363455977599586528862395500260323592802276874909585739, 6357122005797739500440629184609711064383837776422406750462390805506625923806814376677769151005016267594572562077561342724495857276422503211519014952763662]
[919949719953491634849785064692073047947262213419913374937602591632265468811392673908420836199859107093127864215601537819520230758776665584879089862960857, 8355686948700781596438181645267804877418178604874517604299016825010215576745314622187526821203926253945900073066944933678558868143107823021632040304966211]
[7939395646391342768659582684615556149544618088140542201490905741611645247395055640398883989684946199505811667133652740579991420043702770140309429962698186, 7526298412792756729357690960379926621150561027727927212259352759572488028980588410304730244342682142644231283420466281645286459564190257075719391993354087]
[1345528508150698401802216211502884762206894353166226090627321104374408411616034322844858065427553859658783816605349834109918023507836939389958874056030732, 1296888835490150043501831998522095210636122656025564627094815721829361456569431401990786952117465986907428329704540988318926124114598163371366372041112691]
[5938206221767901729491946185580514147399332648071013922186688206637068697754138960785069648684709985018826328012780127392951335087249540359601678736584394, 2312579604292787009874075703650349854803913832847211640910110661308653520178746353175254129580578136121774590562805791160962086965517564713279720316828804]
[7596237676270733920226367246448538903287771409899263868487408498237494475872380413122503087798930031041009885206134822588924538542964864949496727033488036, 7928808310465455749717187050975133921441654531078456038852735421345240643304002184094346010873729853405216339328278579410808002443842438947173016517148372]
[8435014205414055491609435534110868987985778141761022842219007350286636950488117038700811286867253082448950524041082251968669658360552717211675848326622199, 8527094649030706430870763350954969679020035336588208187014213148320672482174678568003666108326999423907315142031285766491226800509474108271220740058401294]
[6751636708613412634213708102642093312664921959151307960111793607788205424861693698175336026874202986239068731705376770103770781954343265805947969216679350, 7978513754440256667763816790785573722875129006535065512532793118605258763143464831322035662042962572133851323397077339969360384004342086244248543748283721]
[1871399419319314458819308421530360515138805256634294102560120083479875580223609009458219916723418096568206605135470065695697375524553060806666717075372401, 7515950699085810044161245740572704701945350994271785125018506755470321598411833316054091554441723823180044001682907421999868354334483860385590898850589057]
[4215940697846667784900480236128322163594251948450993984558294040974258329032589861382553778956886984317210486211178827707536441036135805230660157151430166, 668037592062383487789178118768698514285156212136485613564265024021020494232079468881891280562559537259489840439960419819360472057235833980856764281502487]
[857266817128294996125777697813093523942331845538308061033750158464648774411513337754789290864720849760315431239354301853554252002775684626883876418355848, 3029269243420232507623954508181540719375126566274663120944711900493946077960235920762727887855182878908956880215516790713853681989887755821215542241230014]
[6062191194350298623801192112777101277449161168758934469797881032570089516625735886015196504090351889504917240940216418783266261142674505149323453242091290, 6364727462480707662139704887703572784349884116159138074250267591987609989958484956936460149170953292721965150867732648760045887977464031983941755284120775]
[6352297981630013224358183772980497742746935030969560817072558473837036206099583459570478788935714094455741910884142575964420094351015288007420461759724771, 5423647047277648840481539008529493662745042096587141383938868037006499013801179898285726865697691581596929315774309192397305464777652582330979403939464513]
[2434831735870995966201603195851269969603085033880638224735456359989551962389235990194922216032021467413286902125971672814067081342746204995106304150363743, 33560437058269366125691863277907780796069266772497160550015810074397001332446817706644974964990623021264904253386899037376664717333603097901628853987650]
[7282714838740563621138587952353338381098027183830639922545226864873963414191680077640061003041743921033759534897816090509827027087761114938310944707171601, 6600785540740787956649170757181235404987220412922374412636092854181132908370909716772996041016770865820858594599567534406716297070730594806284618966459328]
[1939419048940997504003115180974059510353581030586455803042729928296321550288691136573048937698071063478100332210101944105196573614922739742981595981213129, 1579607414847591395122517346290726435254663239483410375430347236927255215469439475629305367678694025321740401002058932239207952477558092982247861179941578]
[8456370228590318620400101746252462518608313301063465474001640481497339146251179242220741401471204398679144922413749782586675871258762264930852968055151358, 7491738698202706447659178111946159490473899310920470222359630286553296406389974959144634761845986922081537237386707802387169445625586103749144074304539366]
[143542275416300869369303877932638299934240789211628642216198313613746608698382089348196038492427124689762881821848447020235475994111951234480918229378213, 7675424558403016036496690662635974977590986338880351844547886586588413800109519664737419908271266394062495453587965026311289320653063377955429289475751023]
[8031045337999874511436510276802877568964165193169787930260302389945466383271121971993575104234029289310833368248267678097245322697574854135805941797323689, 3184292026636915469669624105548028739764181228724249007860630261892541166527305248898899755310838623155303638892398822858530200361638542934210927480070285]
[5333597009583029803420710296177846083153992476099561281958895857920366370792421390015648237691366137928984027935650912327162420268728736973156581773168889, 4414362800410385302350942021664688342714642199855273061184002184075895801160451580850126296893025072819692938021590826790066835454959885094949698900031759]
[6191067325173352648707258934210208313322410108158189611314246827100261296234891335591750428287630079078374073809705589927434850945359822382513778559917947, 5070446858424895216273091745333112996474008032662314102000528004029788087230840536272990879465494778961877197326377496586772938233933354217855454739436577]
[3696141749146504931233323172244589227180725289156438792443713731603253891333907418875314109693137383653773826693102513308889055158431041101159952670802077, 6111186373072433835644638512463250052599650498184967294872548861910619324475356113057835516833893828098296195287709748265404241585083725111473935664413375]
[2655706480196372481819574466738607249435888259202948380182450679900225096134250681764650759329938097057582360469291449834922466404873143567684437151038539, 4219489633802171952346691004232588613763491718654273738558633739497033050529066775480739103391042493665207434145314555151995898318390616291483743187296225]
[7506811579896774796557859967361934831440759703223121927402527536542751868958905989361852329553813408214927292634806257655197592376279873383807085654428987, 8259449626947225627724423256681166236987148071260344441617449775900232353568415129379135463424317582709818177906908900777961969383638049967673670710815378]
[6755948299315988776656710958350965356982212979628682668812158057509285120176734752171532689572041614675076115282887406252399324272245304754252741482825606, 7781423091127312510456107785630110603503901209885994935993644067336659284801190778892096063424492777582705036653187992227069923521540099495057304948477423]
[8067888713257384735841520230585757033884190209351392884513833137822458973111294728558534095878927046387888468388338646975496686138333160546208812535116548, 1665213322060835703735438171089780928595066512592479561432208228708170538854379947588647729353178255125247437797042704933279951513372609463203119146267023]
[759055495657081828668572766083190576276518190903307569699783960581587262267047828843743970465848077318487198153578550708175456885149430021813653431766261, 2737688283958171741162220120207872981916304581555413730034576940207485844063521254594400972903260811512068641166052499268771325518451197688883881198877113]
[2621238903355739034814091129014720433498551558323616210891363818741152046389449590263557021208579139251116170564061467628741591934807226483472249080856922, 4295737508239002789769966178267159716945816016445925630144391299140471903935464415022989552514967212311734922411807978611423830610389082725175164620032017]
[789004674568555461261525858670088366216638976030284229484313299394899150507546015641802326485472835230900323252452334792438399807238289150730580763407196, 2366525921563262432914569485888145047265728346642580543832423635739879818734323196600921435626751885157221333128750241953390955352400103255229652668365951]
[6736233468311703076783296905603224269485215333480945311172202535620569569776420025962226781428102127357600085746514326290118412877416716543023644377332617, 5889124187677592823097242596087686752297078448037159065316042719232906856052748413541116377398033948504180459360834947025770395348182045226728825366618105]
[4320479911992228532797323889167888883562014806713308575724879810451965727399631142924315014806720834479079327642327301187573306084024024171627249014102673, 168288868450870126045206778639685159793636097199091603270527618956594508393743150293671060333968199536016177113919645075842427342236079291471954305498685]
[79464681015601747692350434972387161963313983100094967991731397541796176940297137450981287934369445826869819010128167075725503556637876257211721770232858, 3439515903453717206347592509317442986011864532477292411269138025507896168555506643296006800975526780234146519758019629819692568277262867221408603576487899]
[4006418838958994326730366350816095428109160418276076187439723810366293281290894441112179950468995656663138367066352987534685140223581022358393151792505619, 5967829305336736361139866784868498195789718456684052646379490277942582774713327177193330711940983395711754757653380572974316931436444715593268757561735394]
[3623856485890338134002811252469624493923140783608835931840045227044167351644048805674861010989305830762423827221956667195033782917880147455447124701271921, 2275256402423679223026338348804335204939464118357542671969335755610931551180201854335357708085636749869136201809866798540701888642032275049314151289015433]
[3445783124223637005605520024489853054184585098485661718450765184168328622295662926459744671463791261037564262027927209108169442499197507138613901344710972, 3150960311913539946749276882540930009817522850459475600290748468302470618206742465290571421686249914192426637233477426342876570603414182904615351524605267]
[6450832660181346772140220750872616920175297764527800226500098262800935483666128959340080567548135538931778965777153800547266268103672116397106415138485678, 8496344411286060205254214392745074542607822258824538040932261874949648728232753675189999053013254216527753723040897538506726671729474611777607209683759422]
[7699083352263470728453857217830336831475783074174926612411091047103096947109818763035371597443510023583086002264487266846630532676113586522800929123598838, 924783868566592017801679990679176394255136627984796151798533479763123280884206477983991986076067291003062320624408446343750229283127140374541559700669375]
[4716480362142084123970405531991570033109295245487288283194329716024097954246276177909504353468277195722052939503552838162763940876659069422828064774168893, 7435955653987471779779953197581330200994435531658944860784332941201047398016870028235601420220484598041706247910339856616142319667599212216106806865186829]
[7478623406317170054771911775351498490926636054450039039984458713575368937267479700280895385574301349640811637715880453462636678966910536629564120771327214, 4627815097449590475451166999480401547491378022749846119247795964987963064592903520461171217469033934076076786480257439326666273999923530806275124791258257]
[5606206287533016599041116623590175828845269169068530338753802715375274160630469567895823467318367033910422865762891683282848930719762107881425910844081130, 2618162042485188779150351297461700656860781600124757294498072245627044660842680222171040649551041260785321768310760103562330062329441862234562787985319214]
[900635290927909469463736070306614033717120868479546814806780990986024790708969604759069324403163050146405687109421054276592305841752230366573396489208077, 1791142683089062477935703891954200408835104426306621020168064539650407451936012961921891920992680966529269010907003330808576718568070438909709062148392371]
[984925133592088657276366078032719972612027666065785919829490715887915128891415779060264290093890823947405471420290617707927701418117460472720743873298723, 1117415690270527483684982425163164094286166976823728809221274882616583113319483448115396473892394283015928135122581584081478931981179859244358482262753144]
[5473186830924419833142590724466667536490223114713983147762830660704498477421663660089005968838058012524881345898781042233807614473350385756478706629645113, 8632075697852398228175127178342698365116511502808817564840771958157447706827010694618350999088697551002729389859495081928426292801592090033876846641291024]
[999648253569694274446316083029973712331958346496592724029644431090395581994775702713819300551140132912872672179625876865716805423066335529802071706397727, 420194798663210779202543042967043887654581302965122807969696438989158003156046111076575760270950781619445446560136718774306089955650171730042078656395825]
[6932531915047507574152010512727058946578177314115387711679657672033703744042123706046754318375401126793320433524314532039649863570560453031646746795675041, 4831464212952827773701043878095903106109648806059998272361689905177483650820563462098313069433397368089385893712950702730268534456262810645572737676417274]
[2395475166435967258424525368290326527522409552018854981845813139153146148444754646959323408888398526436757030234436329213709574864692599289475033671633569, 110290286334384961133359691975496426687808344745532628556069004659110060421008874268175946827397421778503435026992692633524468869907369485583682850475245]
[2412765455429469458986037175139589340470042258920563054420747907993483371723127228629439102409368309928404307812155197404825330594947471479244126928536803, 5800007936616449012391490255889998422302173412547180448079126968089899458352895966643569730515511474490912779602828000057807813240093273877824861364180224]
[2180050001324934830187679659080343924112422292611486478010614269789443323143661929347821788127700806141977773932371219814654173888220870868336040804006964, 3489381371623980011672523645020535118206051369953548469118870991987971987788101716100639685488496304598514559091559718797671606034438504038321593501669602]
[697193912259214728732540245973261762111592954961735816527532380162978227803522944507199331862106145067970504717498681143784020756015520129508868710798139, 8267424720629846042946758376594067548812171261233036680055944949785919668948048989002292699389573456792105122811923690718601959064393377648101545407649193]
[8532621008486208355988218269512123017581838303838852305236043313157841291696146551708541533279128407436660403185643931185857639130625843163577176556301100, 2084805370845764357396233046138189129340965783406502305920045673463334408031670987439051187735650437562982053161556264620645383312135244417609127219565455]
[1652795824023061159094362688453674116593830390811076761798486509610269365929326299882621670668680396511543417563936332362208178880018201003529018720131235, 3630503830535638874185726051319614824694189693189389301366442739265981276030171160726868603105962479509316536228322681308155085775271431102222042519682077]
[523250111408033373528764392675352330763090228962218280005333381388775177772821625824459868037886866321749832837420817964154607162566173519334875039156257, 214483615434671420036752186889629351422456875810232556035634659994187438321390501311173862355060278945554027023267041384071709307910320474491803419987104]
[3444437870987724200560409277619228472420575288126590503656009511653847041277826097625850606581514438460100629796766753485461786733443044779992317982712408, 1701234374588105941737017730328545681141510290020457554511954951117737535876647557620331069783070028605311972597165290242065773931644486287035651975420336]
[1822362030508904217880735581695107019760521913294887238538567045550822518644219813658150521066405417654514102072544381199597619701770649717078058509140373, 1587492468482742890237117350179726539236335729124993629744240026532743546783016324877820329993606617296635486482757540629732683050889838889158855714943591]
[6043520956175603170728320045442086640999826052628534138114786815412068769836491858980380801756584557125675670313077326095360544508589661861975739108048478, 904869233358697903752382323320426061859227669229626039097331812606529376746365382604721217468537386432778342374685945188048978602298504912926907583186792]
[4144672246276496392474509407680445156926745348550295263860961987981580447139387243429321866535738791330814138611764664580963933728992222576233307528620477, 1356626738348360017481234543920877725338200400053319206551058441902852302678202287200483684787423230680447078212509390298362682710588657383296697121888643]
[3620727039912390949572127521797600754627945232956940976316782314855722821090209301367418936423093328990513344851281890381862223435018183032000831342445262, 2492109038579743276537471194076742236349466197564479960150164465691423816865583957269133902502239895286607114955730395625495626084626457076276334847834080]
[6207520624486221643099972831986111806825333630517824030491829666444221120740982686856958030516525975312624792878105141299436834735127753312579036643456902, 2593658825298847043083034640506568797845204824398353438389286505499154815109178580505583088768919833307494626414823356099007076933374264802260901448555469]
[7533652415382965755157785188583110017586771343220449138971121199810468136237504303188995170419932397417962325061495369521188138895545837403356503896450364, 2163708095001933852580670927053058760638437115422885494797540030754448870121587011450148035226963316574262777514178211101818235950337013817222289346818608]
[4824772581265404430407871103049736010129451324597546253595291736645149380425538704088144637966002716348306649852486866652155229867237127793552111537081299, 4890070737315629927617674849251957191510149277764198352342539639760694606276339606739548810749193088040136870051394734083947106277950048684763971267301520]
[7642871697836093075531388738076905581130889397947409545001329821607034297016923268921049083741361776001697984038319214705546129399549196188659113236977359, 3276569622835493368430303931153320184449880317003074085087881984163622614959980822453053078053831567193592123034114782671945300649231742106239138310908169]
[4287389301138349093387409441947141679395845956741818919805928193528641906047597460237132065337528783420722943218141025740936131671415711740596761603885882, 3421138315369437886302336315781214760337834519046333733063928212996088059595113930450972944026373355650613509589257808741717534686693022726363423778655707]
[6035454052489142622887521863847805067155449985089367889598203711856506385458022247638551671135763460693029866447674345774428157865492639180548186871451095, 3416259497132895099581916774190103575575398723207594030432730955735676736965814362462840671257476985992280623059806576134197830643729129937012734680172045]
[7110194292812731165938496633481547567334985667940669776601133118627513926404627838476196513598310956831145939522041038916792310611662647438619827354159492, 292140843099157826864403118609578629222005832474147330632186785420526963799509348725552625330055986384176670294811980195481377883485738651187977255064831]
[1219169933950231527832644046566996128174302440324428306618725959672564015860908577350857738985195585675108784943753327239916010425001983852516316848081816, 2103707601563921320850109262809600889353535091226791371325854141465102636435597805677111388605797327659545016055093767002247638357120788054713106433194312]
[3986132919377235632134679320073915310218591190887969214769756429095756591744852148798803965080677769006481541752988324925174403675695413380886480399194174, 7294892516385484826739425111889667614596091047066192667561247157030803046238974992068887194755526758548394552479118920599913421108409967379439611634420807]
[8085039560816468733248785497553130525878440042834471251164246017051773499309983379160210701724881231888817021312614800245835134721596281173104641415732685, 4959837573530655818172358343680944141568223191506413573389490423285174323937370743023119052063547243450802915644974573391910361192888389909707594530307692]
[1624694952159255554863491441133111970906532311203832057951592561049621554288899534858485554904222883503187938823650820933930865237921965643485882082166774, 1622446648630255018841021073902623768185039341735402853606993621388758808004781910490992563169048765057741037536660917456750376887756105356962052097821263]
[1710929224548469750218562116271628210229469207238400133801640195468053208262003644897730230129663618034340346954575429824812447553792027803213567139182914, 4275605429219724764189022744335921477185306363468607589318355327500374278370161733224373442683380185982631087475489351446003636209080599158574375220472398]
[7073464604560177627634090421372824351417758000591171712061657098619360278799319025411341112455733072417900427177443936328476000334911162674218030959860822, 7486607474538759144932850737566019176854131965426351421812366715740499569445464511561465090166208670970874222010055013742557403788603557216894770729957075]
[2124689794852643644588688699363403507482267370553402249774489495953339980108145825543153608518814243175387991659543083694481738639453205283293593880049883, 4729722961475824610430477043094985438857032865345353659919482076230940314443782279108764747587287342563635123072155370305675309443099759489046841176164810]
[3539407344255510523588917540047574408269828810229833072782191475928881572164133938402515174292430661965107069013367049683394835489759999747828416363375710, 8529305080059986553044575542489143886406662836021560372294776306122210462902088090669184824470565807527138923748101932066036416024076396425094799972479531]
[370907950444880821644633214170587547433520851465348661899510894742222543156019878457232701034073290953874763791523314178167863744333533361293677610999637, 5843811917812308468179007140240302832018012365065954697414956378598822145507725546147117403833008106448675916548514429385564481953622214750887781068297920]
[5541909459258483156008559770066146754274703328116988594838857576305542181667437609910888217869019555625335037417447159369274320085900261676788264889424902, 2356822131293746015977482548248065826314464237702115295441929177456488159597369466687962675343473497145832106430548605238010042056057390610416295196616460]
[7746815993542065647571831052313116487573859872304021916238012338872158454972564591474455284153476255655401756636188211288632558374743650694947334693020698, 244753286072377753391918364464284336703382516672213874473977507570210685640685967003113642695956407902898017683112108990101229293446045343466720455520680]
[7121096941953072597273846456683337782551219433035154416032359790703554936504278845137595550502756297812996952677766605157753651678921214975655623185966396, 489402599001308165171400936710844244430283509274457082469581782275528816325943840235381655713418140383480975391681497400869298093017391633016904015635813]
[7608075377467215678581060932739383923920831653495569221635726757657085778895621665586915951488787083559494417535001351652029327913200381121937275642445556, 1238176170698765876564741890838088291967172752337948257760063142019114682213962376639542177282110633950339236255077047028669890709824841869903593348871027]
[4324590788116944262966019470629507359609063837761532294172426507520329103707873301554177115672091991184718782018949564843997480647932184247248890823261686, 5114162347838061017446831479462110830894903589668540977033973865647389598282466706853960546004993109640505153035526629721062753935181561196556439709797492]
[8337628505052590182405108153798206483480413721708820692541573594792589805056220692728769261749847975472761257727670388997314829182438360809697572399894015, 7668959113359630607772974434249025785771849993243462222302450582661550716069551384191800799783531127848465227438891152607970897276296525635225002540826240]
[4031040072379807535727081398520507728925983895969483196147670773424530273937879642463508613675574979744918999720988649926851786174212278701571819280562846, 8579572221921608381659670798323536340501485914707292219707699534825362150237394301440073763915179671916328833613518348337313014497382640024681689387391007]
[3771044892189788367109909850967691900756231177700065061995092161415322019731544863509692089855552735321010974975889525599874978048844272176442007023477402, 2845419812350603903132112325599471675862127479637338445449402542100775723646689966650196855249663513131879738535829077788319522190217440772135470579772406]
[8173117437723476127627939509497500303759640221073817523092177014265557052112070446692187356365399804878104101462649171800728081459857837030322545132959819, 8696152018018665946753608323960612249136530611743306993828689051372220853572004597625447064368187862334190453398839746103188919786680130961802141844753024]
[1280249754439458205809576870471184684454531004628813679848578035067491412599953107924365066091150659811264860873206601967326768036344611860751008377353013, 471961322492044926110632864446970432206483993826565319451580387107153799248638038320668074431114199867573786036781952550598266955923768953568187744111950]
[6166593464999986523410867674234675121548070560002974202128452044366704558807190646013113982566238658813249444602698650798492658098417219305021025209196922, 4649778615367612533489498254335306102952341854329804323728941432554465696342490267711752163566634864840457731294055557250846528652111819517412898283785305]
[850014794879608755065497899340519070463252462770903445953757918991882131225393958073666675111880386379129401907704505609217802963917233018722761187159769, 7010601036987611077244137679535370515699630513820563426809635802770869592310711790084530862448943701714612640788185883880737130762066658567368642533313699]
[4138715605601512333984996782603643921161847145499392601123868756277413386558014230651286226555883422815680055163675976295503756055454200949396253712424760, 3203947485171132255621388754543681595636106969012801910738971434016564103554358976295892645322715805143599786738219156053407630055921191620924364695305339]
[7497556968099788519010203988341729174467546914336993764331398411740289697070715120231718299488674067195029866663943096338923694912106595884346409951709659, 915566484493953985957928181908762226715182931347013992320890389921285011460825728476004505796263404740853021091695088913794565385742201963266202638235231]
[2569879612128992957549793049562438319188294258185413092520442156771472073419002185836934467147129162006904975230538569280236835224159895904166196415530323, 5599600059521627698684573652632392717308867789615519807602794099837644102199545702131936576054506797505461545942324606637566665516505080334794240432450355]
[7886823954730238557862992521355478266574285997372486846128454125819026909932751361330191380304578844382728463857034295544560104637519500399540855530167388, 7359878494677490461686220742425922469724942932562813296726286719826905449289308817335818704741227093388895817804792551450966997280499248348854586589227962]
[733600071140748591913604951261820280395645358145585545436063991358990439232687156502056732836808418595887344405723505241063048922141049884164065849778039, 468675982108030316405513636693493534383628311466121510121043183779301173917161797421051129631179383701030249416138198099207771413737930426335611923673919]
[2614808235507411997317820693126790551280818010797299929042380951613273396010655891182860341181224255859737197512790971172022760135673183267783107078665276, 7661323144348566886200603400124625117811306216830296307857135663851499008728229681872633842265263569828676750505265389300998004483038547295199623141951797]
[150840357804468670137981806130006911138546435518026370393275581666366059828614355111667911020364231827244554753269784814960763319587156401740356915202443, 5602327480542850255911441077300571242085002171555907248308328104808515209286165493538053583756227720009023110048984388063470287362652520708337865530527856]
[8032358419217704810828528506495213108535077302589980388136210638517400500651965276481763258709481511792090072861447487130938478696262994391614854057131016, 4595052235316910532600724328457387193424843936106027270792706982330391936813508472746930198752727243746809217908189381458813514915979123216912946604339192]
[3003216957951027792958016667789261397728946629452584861826891770415575750619462408814712517795309172706871163389016913607648075465353647874485605552564935, 4830026264060356275887995153714828290892740675598848050368967631324804973317607668179923649653958410486926976416624206341769140106529194230806390458812175]
[6236188985211883113629720311543200586197631600922147818712492835467403505524967770005551228280338320378688581415775444822383329434019204555464159948251261, 2000536131036702357908476966265485809895836439240312419742062419065978935591549437821060769367118423005667468420379975595633839294790276106784521292213688]
[7713227193017046992041680483564657908887209194212617079308746440233162547971031224619679979705830853610506061619534491430554435886112889495015559182381621, 1209083016659138213959594825354862768160193214627441363638705495284969733881155057390435243116305363817515270601070113596925953757036290017472671077614348]
[8502535415240341893031758647334780785082843123334409356367850099704637246116293528385135273230293999141052620175929377552786006478790216056531296720933640, 4128248717511520105174245833458747691365897831174230196760398783763214048767807098422082003584040625698854177912193944536523931667719449991596272953193264]
[4545182059964918866299474212563988732313570846591577701798322745110913537918410804391057150750749536365225039404917689509165379121813613661894181478964160, 1791173483331926241819996543982141726647212381752187709541358729251821009282598638010494082892512886403770346938455745872070537418292855520025007652021124]
[5407818754434785237691241182780686904615160930337405039115959054838479129667874545862431861907411208086392807596491423617155929731277161483877242564712247, 5744067121622775833196710466026830513107035381837848559681322866854664567796716660950522070500434476907543297093114724965932165082431678413035757022114493]
[775116216546267820742052797175661806791828030568321204208658085620963480059315564663151367968554181049022799881320807451961009473236984630094729493617560, 1768952300137771921870548606917731355734025128672326262665910606435167735005477956146598818582167080790314376803153808464467107376679956152559288786819826]
[7081067894851310375418481048747522706295727136898821489963202983029832247117968336979818656193940032699993124778353689976605638972631319066319086309792736, 6802066722961100699939184356058812064903626802014439437078486983207246817668424058230602921536601242766439361396352679704705179145387580719909776204736636]
[7398300101566984910442498057020723189289866886639729751200065409151089406983528230079058217973366703036936406070418392049043603777802963644523700289819501, 3503318225783529531704240945651101646110680331708080138093591458620891223326162673895443947695147734940763963096145694301610770296964842858549322247896595]
[7019209661402992419992426860086054640403676786641152782746903940750389593034445048889804941133173392902010795463602619388288782490574133788222613213542572, 1561689288198550632484816566505064463388264266302974969371327631435889934301715778697721661663292553319742947306041470705218629180548281370828646963221953]
[2351956902624340423165711352067306605457858397848588800054423331317153968921528161798983211705202211935242380816789786345566433187871312833454400179369666, 2931043327517399676382114993412862638069916662255007884863936305031186653339297725598351498357727571350423839124270505979035152996354022419601572458385225]
[6133967117349797950457751967851632444819208785268179321158451386353607948155453604652913499340492293996836934767802192967568054660622514023015246986832777, 2444297114431165829843023067069915819945554369388441484014054741105699392349443165990035727012854133953616591263998025097309458617032685763368243806402382]
[5207805229516874865019523952662092016619322930204842883670915795101020277530627830643611646598501172941526067614111474276567922694926559784290658557826149, 6900863084795101593724730849081941712542949132636824430011513014880565520511826364146325094222837172791240439542259186160614416336391335149459151978571126]
[454261567542178000561562508602014403540139403045007667101107792992599652606703383949108216458361234152944651440710747770405658813930259240143423753545401, 7965236284072094956481237282900194720459159642008180561761540097372093713446032434423627166783917407169053632286191353343812748124514218170513804540766722]
[1196942604032417259454294028533581331632049005416355481630408134169207494154183801972927240953806260379194783232958520140298132180447073916640760542399519, 6934481615064472306702852668326323168783843897398855022580116354277184268968463075962193615156519739890508619560638174586576964856234168490747650235578070]
[6536044711086401732030623470239727312243579273701042846668020417956540031271253508254600061326798516797017471402324967059829258267869250555606326507645789, 8310254771064640662282462406551004887543424010543903491136234727501174611343408094375431070657217583090981468360590877721492639113486113771673201643728555]
[4616726783228987962580067398920997674750035972901935664941024529621975426056296361857012436493729691226091634921486657262834815326309801866534400522705113, 4560981472893762312871930549826342945282905250865290521836904432192554100244139478123771771977002537028959564813180439424546992784381470263058378577979641]
[7856108037711409184061411374555289254528193528903584999090587047436034850730468771433422750077982225790987427318737062210494185671214149944292230672010418, 7972511382548074049537694226147475473218925305792083488667867931473902444850082614369152388020921742222450469922833978039616501982818416542956861095880440]
[8078796689697613790942620678071899471231184689511747378542079083935077930338529994560479635422270388276966516106352365915999659512144209082695214343262571, 5973200366791908077534591331159659597081239094012903284952568346000709646114783931254733853806868622887476167655444912873954665176181793736939086412149566]
[5853498255180423840289739770825419355975831763341915099759128320704264543296106770736337904155934914444519187038178479296199654539089325932179228033160398, 8375040185779757268263545812115099792237501804517791614553704746218337562776527067632610103859536020513190500378420839786690831635085876046556894274807981]
[453107366906960193446059222357290373297305634975754885856831210692404751082475283793935239412801679316005323400116522704869928950547334524120969442461061, 3041317965588119523718469162554649250274737496884182262592417742211547094946805132082126490409150774288281226108827704821241427757756429841667460121566206]
[840204609767830027251409670318285079996645790027363104273308218055507429523239664217835358600995674794513453571790702223196029511796920558140308996810194, 4988626446597206190016783384102809476842106656193571371198726509869088850152920801039809892196577993527706697005086718305281421944749240051540583342719117]
[345435942480603610519819402103492165399320696513741376897114998364624505047559420834174470171867894993973555474953230541221040446877640473066875283334488, 102031737761248228726652854093466204848663113018809894123249401735023059397026589103788701752440138834771684729457974769389644948725083650360198773044445]
[1743481728879562199121986190537668488600916865801352825861814115446871901874579666432301521034281088500245589376295268674368178819006676398236066917252580, 8326185596651533914851270585732814294871065766704577973048599862708704023582000089712968354813914767586852379288791555183249694508088230949063442615184819]
[6844799615776567038767215091379785151067802308784493135987144756394780845621859965029294003200849229636615713258594431529086178230581909618184211087714268, 6128217162239318389654925477364617900998133170509938107089808987100707468875694073958450366520685166416264682132749645046414506383923623198556336589043533]
[6920916345963952784366881300386629522209697730811539649412146769527912013439416932088283947187815754416379736914823251090991011115208979422063273156738942, 1974390211899830716476583798651790518693964555090542195521949677764061019965589328736883369326380491279531763103729829334389693396345204624446658778444251]
[1545577196529728054293585199567244273184825173786265350185251242305209490384143742328441329253519996802249600111438012002838946420111281996662163443783508, 829980321365606909110638324014035148156812606678979702591700833095463785575259300202804948704155299929398285433293685110474012338231832162876508338901633]
[5103151456808618105554825902373263914710746390524538589383633573412302959825722665705936508703154106823996857148145737572056079793555896602083572125505679, 1288145203823376543281902560356280016669522800687278928861718827282418352643274153652314121141913760085160039093079886496608057421211498421232671725440917]
[1074258800695307076683584957257465193260058310190871115019974930421580931961361020866436532204027632990895438385633477788175993465616487946022660465348013, 6380081098250421133004462688695254781443274073558391042914035587895508277736488414255546958041013268851714043292432118558674840556937254712962318623534549]
[5832315388389071760830719706971315566860144001437461530538759186272021594814358019942883738410203428737627608152939995076958988829434850336275884330998991, 3335826105257901202927222969575912848279435662379430195861225053805679484389001913116575304819544755845032236661906796049476926093124435032468988733472330]
[1043889058464844377296956445065608644135319344802178663625462832212181081823893271957172183552802342309485453412402824112113486480093945692737234385258339, 6097420601528314666931441145023890380916120336592421625183224431687896968247046072729948012194668486682249536550323671328858590627109053318229884138773367]
[5957837834724442012853319228713617589272818827785738669958597415194779859973449978462724079261238518310637556162446379263510217222860791579920871226567398, 536584533103038707898936641833516779646107401060617465772620613448228360276067440213578300817391391092996856945683742714895233383668828241569402243455793]
[6040060647348685989718538241325234229235418785925839681452297014287258712176363370811341781795483672586682778615568914418269480254752275141438831765573685, 2120475259796647836176496713104521701600736568066232187971842985804161200734629179996462839490356415341386555008543474431638762747899376501513609030037606]
[645901315300609006729841505539034131523322952193985822573628019476300856570960528205410141392353212802199106981225615971910880189859153310981331428332404, 3538961666360771597772426573584910322634087329385576330109277877322671922808721517872041366235918343888727446090203055715197678765365990743588258959215579]
[3052752910049545917478023689915528469085134007346091353190212996284504672907811399720397578035668432486008311024551079827650007938842898496626727130712548, 7421372126862744744618334026660036844383586580588360511947988556069886302361850699446815073883704039234290066514508502355859915076227210680029099826409209]
[1356558388574006874076224056160287047489689489730954282983111911320354365806276368730777326146438381956916306391978200964781759176294026834476545483260595, 5470930847259931344844919595673125939105577070110461256140877790486380729184320519646818794028533274812787254458179947404239108922860978141997249662641325]
[1649443167881704765601989509955770713974014933543888613352005735219490779769956418345573184127846386548311665688823918201660814198715452620617875154393946, 7822224149596559803153220438722752534311040981451139002944883452915462274644936324701314327003029278959761627134083461277309929830175604464518190805479918]
[2537561342540301424828154193365131002183584093060435852689739373290832900398250441063467621751757356097323448462859537791906037360996368164648584033405654, 7730172655936324616096791481395980650395324082061013288438251988798603452127985878405651287925802901005262551330486790160231777855188069078966198051640270]
[681916610654726997332858533496810173616054091737033673112327994788757609903222020073214628454156662467021065728972208982407305541304129840008663897019206, 5574895183630062632819564304147743317151455056038532202771295849883233032729653669717577715075722824799663992917758814528574939236009830622868043977757737]
[7729664804884259798618558888964751550208753338956065501078985740790684767758302566370696880036680841110482448098958947340169296466851340474819045175723194, 8286479805326798955654146650824898147427826977732668118158201677846156429194985096532247750962015775224556255517370852876010947559182904897707085386930810]
[5537508085593455374309080678744515717383002528454978647705333015741411874299379684857067206821827407309337388740848310122160369593903089898697597669518202, 7718661255631810134793875435019816933270373640281172598105499862814091560588392312477138638689421675818015133000382056225059304858380972481066900729969783]
[1441130698026465019354534825207965609604442895233133359736468548950605513881614119782614918846974299312682434560489669608991896775213489448586908962215789, 5621404134456461888934916807775912985404991104652560239545769218091510828502061846000947211141093444230729121988349726830150189300712642326307928662136020]
[7276107492727014911855474046777062908740074116437587413997408972347536031552360514302595650014711733847337477055796378235914287160245053182116281901683284, 1579217024267833573855309922678833619527982064814395468782718894518542637346828136294844383543231272540726949818884847505767769191881689359459916842500405]
[5910769656664165782103897306476794436961828124658409429542274048839579553647410594577459660955632709367555678169160333861065256302357964740531496259915458, 2015727926303196285419714532115370016028897770984837004841497823375825420576190502398510692357683043386263230776264247085184547569771519507596050622664312]
[8053177069361054808631580099801245854740967575329790881426624957841073350652597721229049267295793616002817985310021716512526648956330687527426519054055826, 3844042093929015181679800889090129031123997915964505238044553735010608836167463974757751005733511811184750609796947492143017712433412479455454756756024572]
[2125672536958315256518359420582620274518009362345757354544754613237371540262953220366952756044455411847693229321329711948616863312558328830231881437804362, 5850851467412792400262547890931755454049589716965937045979112736824079706790089156531123599674306234623723966100156039286651024265540552556794862069216135]
[1906628316187594604350976622046559559738835877128482216585790941940703944017361359099553931852441000213371781845190842664300814557645704297521656857995528, 8742550127173690439215399159094946191746843606146613867521977011302839017608615861385113407716388638489434861242025717466473207305525872169316092434798707]
[4405136724983028066103134122369684716375022690287679307893254978920606335405727217082795865842649163311297713758265240544139033307535972561314493332011874, 6514344513318630412779991573920946998511638228173091508648822551081195497319051912676993702497002819681275629360200292714997803040025949539134374464425672]
[6683946771018011607193953635959036100911026207033680028238469201033975577037340266310516129575938353726800311238371456537112684496728992508660520638982754, 6281025248325865951942035494587294043559393702475727871200801759813773140077600149332320538767220031069365278602788431290930522165232028477441394331742150]
[1173783713564605589540447574629732784487491820366446172434436451510584195906335673200089090823627479197443116470581817046642156410234387166466812224922099, 8587582886279902079430898124897002296028704086871772819889990969785295667535313666272158250290117762009240028601700550250500572293971717509752339823112970]
[8128560641831671736254486431540716033788605535625816503924296681820583841950979420998776630427174901538616809381939183024043542602915140061776156639012366, 566989999109488548994734325445853769739413667470808431385520461050467537452774261011242885218052897167937295209447762443100320976376927717731440371270598]
[1012897624215881480091860107680307062830819581798822205806602228353788865632488358401493662575451822982888259887355721918485107622739033296547203977704952, 4504662142275665054840328294025038672054026143834600535748840263219377105790601243631399609613173004614147730644224888305610537593225352432316903720210547]
[3789445091866032614752247487389741574499213093829597290983319535464554612108779134976179279340711554055454287598072504200270073201185137866305137286189402, 250610363313393008321713927465233550293936935746826433052951909485455572228209400192829008357380909932555807366460948564915752123393400292209542294578152]
[7719028633321136754807136120281677283619830878407709505844057990611930411135902905317787535682014449355729934206791753688432530740911988417459246920119443, 6406935616893742973619854432073846501946990158345285347619266603563952236654464247736845701843022130028971208943171698122047581833344427688804696697461142]
[5255402474635750050992952851800159676869399158773782865590132874767067193358009218341025028768005862655892856634430990057370613697151241062566230851524316, 2428893502585086534524763142860067576379712251793579326643438486218159375856016636734544140842135258517639078992464304781557624274223600726111218013737733]
[7567387117064464819315378094254138434324378533900225274484517842643773505146047425402648481802802757549338831525171108826477196648820224740339184761312113, 6581448361378037020995833070613022699141061904157786519229800237927486580813572872016340145747681429724609310026612724372936343612565947732151317478471834]
[2907079842110943640006281029224874706909089655207541132987282383175773487614902096858069177030032961322194753256157711282839067345008345563565921460163372, 7522897808216157666426565290565815328012062587397630937329838129558788360379744831287093351719042662147203715002793488216977508390758431244544868193184267]
[7032153850361571335089039313950278544677438365026922817636478663074657408947464218615986013058456791592087861106074687847498108791518400045334399194480954, 5463254452180709452328104332917915262212188313228751903638697555335507740243160966099589574739693716222065201700623022920993166659517459149057479054302166]
[645177708972612458781856857206513465584672636476353316447003070343593295390971514699737148924917332973182235991958697451138530363316518957260287505584203, 2694381286546490357561191276618776256887658758838560052209271732566035115412998948754573384414689289917729524222267123175204130109693232342493011903873558]
[405209420496794420646364493848600421914419238014183589409040416841682813041033245371829662685089842314968819776512046470067055731959264793917175579628363, 6351598480210728854273239035083787423815019239825195785600621860436045471507090459759657742853519340109476539755754019240398744996124469893351650246889189]
[7067840451365584716624950861419598906411811156508294917874076315634802483946665996267072239479397041033946913785794009078065742780622248261715421563591919, 1340791761040563194204630933734847627541410774685107198270136487651104817421444048658777218080153473503265742389271973636353054195979039989670485084835675]
[1549613796157670711689256388553484806961500301754537819149754586523720432754878245851139878975192301382067838674296456434000577896161596553612720831065716, 1550849120105218453493100397296427132978726887014104708307907366514047510740174212197203183856594583795207484694835086474186752036474381686503469373543967]
[4331850891831706190628473195130555177402202504152336110628681354564184388761888568471004537340962717346865270203562337821422167083851398153227071805178155, 1279885134612813102596773142702355996161144539298632629512548607289118284249733981252930690673747207082744889099618069612799172274412934667285775848748253]
[2566895786615885327073700296211437636878424911427885034501739094708152184449844882635765393693231692329228829785247162298713051529242587646957091961774238, 7435386508870743718861282675174639918966878199516504964490578795770568270953604163937596354229771278904051274502523612117213675868529321834982868008668880]
[3767305551096250291603292905449730883360387851649374543128354140452015440546024817926828027255679202245743427861618710786294679350512600353366871920345287, 2628919044201891152332865951521041934033052917577023135193006686513730600904745888796475595330240496038781972335183324261599915407165294325229214180845517]
[8617201976296615835045379677641027910967466319289994953746866967761233625180037240258072268327112637649764019566254823039557562309023230805936068602340387, 5869824412437926361615826541889231128646857502703943672443879919022041934874115653274073674745501687040419925116275448029102675955175675795252739785193259]
[1971046890445011834684822105099419549586406374434262924481779496190407722218363090443064319233513104570610582759935710911032394623314781894745418381949780, 8383099550871276666603645671250943937643403611237112084447917236825860204467574205101887939840263542777457847208391737390779210249439566216329397832645397]
[1386604831199727917517054977757206961096418323386101782909048918544185066439624828675168544226474126724765244952454335408293376208437845675698758481432396, 5125289510618767987574513679450388387756531743155820638873011743956499229967322828625906285049455504461623064897602279331011665860040472068451320445902266]
[2352906595985486289399072509740504859489831619707416470135613200694403708544413894428582688509265846974014484670286646389614162125861096760059876989665040, 8068590815000890548724985918112425703251659251352886252019295032259342925930497969739310539485030456215065367950440484347442405380213282028824410442400065]
[1827886455937882865954679147700711396450899036301588551912182734312022182162887285235776111241463844145601533118400343783423492217354766013630492920524322, 1781191605708456303577012548405635619907778792612393813432581479919350758582996992100487323702470074979442868001096563724479724079932971475274256559615478]
[5500388474935321436888789806099197025359622237581734195582927042716341500555205646851366459707226625882897691495070159020640601186247373887763435745162943, 6522108211378309151756176140039655863508902897354349724486738026906398342622776158030130266223758527527066956343220649605453413228070646574519550002838319]
[2554509855797493202975268873776840030246634030228237889688569422334254624702960999632440985384575569851490751324424845891383565025549361575646660851792740, 1000631856446853213270768466090990239564389697028466277687227860294644704638337665032802804699605814294632886738782971409450076995742663265528941878013846]
[2098669960424829487396031154753219083718675658909325048513191141087529430701779337402603263305024421624203621316283318277608121926279130765145369114428426, 262866015119483396943989176206510204571947267766684824282914545119920010720733956445031486854287211818921590463770569016911045743340415468686421085457211]
[1220741249440219011975268353183595503785130202906886626335004487783407027036225737671413129353897790105735694540714514240963493186732039603900049215782825, 7650532505956626721949349681280679477806591396251796983301877391145960301156039614310904068405206254497067014422375084031545505203119007158569019009085308]
[3623937643755597452838293238289290656709227465396164560467551051918830126896931013132720032931487521687273279028452758443045629815285495342642742978486049, 1028809138047950248157503706499171852158430743474679606390494138833872228019799206191646519626418027941090660303575916869905093127091849467978094113089407]
[1201211461710592146543545908618093301251983927168413064909996228664229476659099868783071516776281973971749766224775282951003634784405991426551577343561992, 2259817932522974612729559802827974310143018776920122054786372978436127102114076501491222245687672630932287155372148630066598697192075903760520645091880737]
[513344702084416609023340020809242209525693835217987921036450034454002263046873174401249620680904216449653812097471626208656053333353145791398507556051422, 2978153947363837572613640703497801585211283516135241322994210545320872330377457211956700769893713787438795222578863789542323059555253127978366629594558382]
[1197738332696063975956171951044298884172344750868485385944615708919391080556262763964412573500653821196347567003232782607331009496442213165300296132456651, 2323114063025408237943144663285483880441013269356069640231698409870386618515240614308317153100189982328941572143448430302125412320517981059176936184791474]
[5431104923080685872375547732053723691485663661432600993731010429767093615416060025612960957356896599054412590013763849391929111358279769446865567410422314, 5248561581159347506444089878968116215339276203650898973320485100006574050816322376436541308307656208952836966190176494872776615096549106425006686942398989]
[4284876727265976117044364686550870676788336523685325717660472382307903110259705073213025582780184429052320239101416149561655451844520538119170073626392501, 6556118593011527696545236200584083217398107590097826186704284838941451154177811228401413811645156986110297414661236077671855301757718827637332393448667674]
[6315315934044811997380396770443896816846497175099879057559951655289578107770655574986939438214892918516781682337439106306854238282773673109772782070035978, 8731084329525191350453663457944312329965682453964594408568474437476290648774642164169443268517284816266922731264669093794792569599305040260308683454271869]
[2032965112382235058543656108071837162646878712010629039950069819867216402457977065977640979919527632307775627930702490675663249841665580853467005571223476, 2739323754660867152369889282705710905133281759080597361199108628343893876414229631290178470203904055951691000322671018767145730671089366243447597159588234]
[1768260172561392380425518905071827232552423226643540876908874677666827619517288585052373147283016064018174528122458754358686736588302177915423410524768610, 468705724415882490329376265734953692520874265463146322725715310879111792011215036838581292661581784005274094512251078072328284354274728577391162137179374]
[3325072597290666778915756815194207269592701906331359750149940117339816405021756375102160922209104379103760403147369124592749762303175304312259035309271385, 4421206805121377450168262822134831553133082410171614735629702560199709685961832565963445234169498200945876242147235158352977269675350228187252420509731044]
[7452285163462047283493253112691839581686035035837336861524860323946010400161297452614296366310905494160721080732829416005235118573659252179624145585440194, 2388045688588779771045377635397321901994732491352514214285626597726138516168084089005692211977418185778670687625514172854053124817444030557367312265769943]
[5929461431708508120931303297521256380286226688152741249264680768492038366911476466223396400750842056786769999338010350130272453769266985843423238431667312, 320233010609274479785268127988620872403558794066342154865337605945401438368356439413434441686153574880645187435503646447614210336721533798243470420191040]
[1212361714589687485934859741959393867874635388810133882122202844533282120207833529475232950745978067386905962392301082184147156290138805842090691584359082, 6012350928966995498440794676181058438464762466195762449690687413016220294536718327980924453399755863906870732899360178575368340472748885691839605862231338]
[4366977014036970119210438675292849269285004836680554914682164345748870803254888870772406135759848687187165935821139295995222141681828969157003006169789136, 1758457775622409245216477319727710210034693721753527624353940202841542446016968112173354189697342948638683771557966949549149081272681139463109346775966091]
[4520803134934570610160753997482946729269073386091260143264358985784696309192792065445980577922987002654524907187322511205049819395522388017265898757986398, 6665833120495287001118708417220752906792344097882179889523133330282092529391417427003053042843847692828872281776369716212761234278929395538433343697748142]
[3592310950193930366396108318611445757035796338661556540236320254383701321946184532376111341801419228660041605840790873416008064784763049403704442852610505, 3915492053221181596073419522370325352355380370242725974058377502158785465994373701441086397602259966917232095458970337686347234315157914465333093651433475]
[1216099720314765466407620545656378130701765623661557621750937622106266350112836169187817790816242636820151596791298830210588190667922435569364263103564124, 650860391487929417312272752554882866667507442680629688825060775879075231992427933581557578875900901015618429728690049653825982592279826086205144908119671]
[1415034142394272458601468610897920580677099862861096947910952214556214424078948237622264342275736734592102854556012768181446120699879828166226396905283828, 7212973980514568635156301063372474764354867223440267780049829362194362445034486872227871841881301543070363833822100161570117311972447805930221642322966263]
