100
[7998725336653383203658644639673805448553730986337128386926545744008381384348409264866333582258561179132241508936069720871865895053632019929236743348039021, 1993938860438750843589842757968313427718259534664174282914852335272086243792497573680387148722647412680490224484736059954284097163105446004304579443902885]
[1606629635020744422116539313737719752601825004234943401156816723794339196770299347750554438003524355057296112707513329931098076036363676589597859338237782, 1024501356707490641304185278259056607717116610912117792925619077569376999027530228713126018919871086701300258452390954463672691655123234144132054591266207]
[319606969278342098253607751592250349758726083971047036356926309304188973529871128548750860600712646830154414166598054629537994955564949145339892275933544, 2351918690126433247619315031952954912586536643938805884374440134422293206616735408522385769182392137578841851892259197070808441620076194970238156169210087]
[5569090823811464158064501362740396570618248369367869792247753369363334513759789668072006001696102414874963189310716680858885429453748448301633068253479208, 6437771826281859732054748949891967234598122587283560554976393137458065251300730807055768186412450714699585740174636524517601390035851783976022844215170691]
[5404824355087021936990695719280377350112666800489303998086259552693630695292246689636540457111655278374503618943529303355983151320894318727857879328360146, 1755949616643043179897499186888021514813984375120185472767648620114667151290059335831529843769927822365403110458431572254828797640416109063192831633533309]
[8595346437627037515701327231392082456363556086952357707242633968881456023945229896670472846944789265896684199605426309929986404039174843328588027879954558, 4857772818217848742210503496409887740695104712316933201706912935206455919096590608601232219361770165856187861937026874505462828782086085546019912554557479]
[4870356245348105368463211560459191433710622122212867058636983388377093734997659630606721454841356075956157679176239992313637988351629609809258260275003104, 6137530368886514872141674139529638928243237020520711991937478693717897445937087805328610857228632185782174037460745046466280841075743420861563070711090292]
[1809911405379427135097761037627808146933193928369953409726736728129991242454302183083408783629421194614658962180108368752231095839842508762477585202204156, 6362688947122833862840688184903473061665292633377202402306409049752925073850633917955592387323932905559715685592830900560860377169831588276558558101679916]
[7515893619025853153102189609705112830427692039109741531016309462259236319868317859100236498034400366588424053819386958321782552851096271219167627496716870, 1769744772818382018351950552309929599039744481705816037696229907060187925710892451418320240000040005561252908929137240934291527142613029485236272092374722]
[637778275331829420232490396213126498449082028119938216474783188528843192097331933776934728609457815540212548660428096230396483591725542107575929678099160, 249720594179704962428206901030703833648004470988691470181411597494607350481316268803684868024316511792257917146540706237308008962994398021069462301213858]
[6224120231511401514029062944133545658978272355595162350579064531452438352277923018836389043851320967387508127958515786884953446444275977268165505161445304, 8085343190445542671942477219254183230797904785726293108557056473968857868601392408388306513720658033792493821268120490960572189377523117305007458308070852]
[7645774904698960265798627190656498508747607632411725243622898653853585003309583702484131464642348516665692627019550243924488820018956211689923403709717342, 2520381616224775135324347818061732337609372572434275337124710268459494084203072326456691203683993367023745414955809900994515591993073616364329805685177523]
[4072517714638782600171456906859394207727754501277497350082124221102412325499615692094814153212338453758873409420083608457155202489046816810455067520481607, 3645928399915054747897193823588275233382509480641397913668638007748175583019794293741373360266231827319800088384955667874536802103868184931486295330444827]
[4529305786699443027955242134385934392588959581257467742788327508780858889019689501697669091266416258835392883304853071898194800157694048312432565910921510, 1176154531792059812783800886427609522540686801830744349450179385543326933030800815726300146659724843952061497082990945610637603602948353816926420523316190]
[1491068434084030295996920229800274709612166151082009135130122979932606398134875111197610637996766347798912445373570080216822753290462177907031351782353486, 7067695500587775187536753732267635371353885771855440733878090463057246952635140148200873663669105924472142928969341777762705120243366972141878942005013728]
[27218842033389130575423338973920184418082580635230799270789890793616083472760021084993119728260056652691498264231869431178047836420808836326727737929813, 6767975355083195981754258823551177503630278582928222301196959552096115097257596404274116634931148728114006631478784784055134299294953775668917160635706757]
[8083238259053300939447031004788267171381710936932404875450352469412431662885303580478124997485994082256127074995200197343387431896880271380338564109333377, 2382413196168412032359515762169605795720626337568607563217810565942865010073977864145751764692667132509040254752816342263633441193617057720137264863438360]
[5613726005993356301847853563972215446623664959089217489987173897030981865383549647850647728237273460204278220078677516182484177727940533203387405666935519, 5257128260182684136653817248016052177085242758388348974247951382678416497319776028755557984637460535324311614944666470419738581168793247430086896831515615]
[2482171543408993353178625420344913750419082941162411906779806669679845396550987575736323929280265446109620925192265186088009761422563038472432117450797451, 5475464727195291535513056414842045270387959721583660815371722993474541262855096012755970106120837604451674719813017089823900777426456902514745308638343579]
[1334357391273153361132298502880848839783162859767318723237543108570264588935827390423155367832971356385990609267208757217984312635635153013129375926826290, 4659414542834469348740227182842772258399129438059090585451725732758811407094569960938126804147186687056747486405898003135126474819483633535713223332248275]
[3070113700279643691707259661668327207189034467644198376536869968310420589723259099614020980589170122300814284726996319524608508134154744101848217368523440, 2826097092577907780736405583241032385086035690189135292261465944644209301431257937804503181653842956825798810245174864285405285627529754278201054250006390]
[3223533564518689611719869402160484256402816205811129319136083656944348012037054231560437334768191479942248175239872880048912000500384539553582585921603593, 8346042116579501941644921709269493181706914085667115965433686561269656802421812677091683073256230952198874013031330605404742426812218243731270980980673779]
[6417656591084780266817134242201631921686158176819222877722698535615978450105876974847639536185028751169726639062052162492375445137633119593421746626319064, 8546976895301897175249908927052437367668985895276420168486929601940549302075026759504088170812114841904967405248819941824572757251408212801667615325191698]
[3628223568903377555062545117669326579593641513502194724297639373465789239450805069856533659704682247139427973052563920354451733025792636485207327517849078, 1348237106441012891136497010555745415579440601195257090905652838772990807013608982677380443717938761792278920508544519247776493337682342901322185148802782]
[5981125988718282479846500738691870143376643794036364763607688730165663796417603003582401343409394763497945320635077487999863220930368289602218282366701053, 6775985512934107418466683747620441451343779245354330921801616634347837941198367415349696230693969790375200188755941205669700116248730122987583301151156264]
[6546257510031234872371103504783871362835598442704431335437701865533557571095539798427725966016524619028915409020820299752281305779506870780478819878308501, 1586759015914481228298286260407330035446613101447825153278943600445039880966977110034848050349515229642538355141748020504385963484280080735073202083249812]
[2597171186613704119328645484064779808040849993920370867920547115170650997085931190576481835178795436232724599729508559271728192016883112724592464650703336, 7406663423653569821793383917650916441520483452479893297775221864942292770584573993831255273661990642991789017286974940922858326961217232970378240970484620]
[5490849359128660083726598603513785581761437795876224603194349095692083718728941432049696437127251603291631897712784259806680204763391469898062305280605424, 7193240527632035879007089491909138079165015632934327472362128543895505998853601847894131445034091475977436956035421780632230356781397473357525340191156994]
[769238614502842578865663780478644995725324574538054944570806823752707835467675003249652963629044832303349685889453476191401159873792509929985915147070268, 5899790344287852188282187543576275013418415914330356352242843508306045711329597099815196067309671172738614306465850765512823732462904576015535165891847005]
[4646773113937842932316233946773611101444212708704332015762459409837141956904792592352441476725864988562104748961334627466750728023638608923219847214630460, 4082711169366644427630772122252985171857692113865227945247463706527289148527222460371172433497763188344498753335146237409798370051305213470146386743575078]
[4485910517029760717318543876055070703526570814833501961765154921141898750172823701444625329178686656579573728644495806920272936685073494140987034404013051, 7223415151349530438649618333819604260295507606037888001483581176047859877565179081234118171197892941573940766436138608762873990905122547401280729614708763]
[553963157149857495391063296360899898394405100421962281272014248577073349998852184484694946211067195886449041941180927241267164052275658973080665681760604, 6945437827171118323248247615508806938599245584014384936761562560242152290702100730269310340584329782456969647855827840322014724573829779835883748771988685]
[2930609305507299360461290893433761028429192309256672141258053025851521376952876780985128416000854598240428791797324299667312807354595229584574608651719713, 473038334784238311000893949298657336677869029640815807989230532809253081599657228260746017188890479265879650405259099569757626326137294056202116399005975]
[3597904797445344990027789899256249032595385836205187569329421868970819402659127570538484867355820616821887849317784288760319350341648038234836288817126784, 928005371258061767502493960417748660210338864301608862452972377338946228531911335597017593977763788385322257110185163626165672482906509503652590393065895]
[230269751930732921945046708588917806960499480708546305642315875050763309059767183048933702622600919926036866319095762303758128371817362335278839417088891, 1328597110529124395617511886584734372176573489347933151193523255843962003632086794990122897185267713249172964962824921121099048107306968815319014465756196]
[173117078542682632695894902719144971713431947443841493184314215550197997515070421868773590470687059882897371268743271465652046697396843668511894669152089, 4517687633147583458034069299836716319388375067852962685272319910461227426982300125286530162256043223754397840038272441020975011958446181173427164332584272]
[309324508814702394706417202919933715608654399578892289272917024921786368650964148355614750766305738960802517407082077881173303869112142609531940410613632, 8366753598484635517942479477800713658439118645337896915404157232893334640939656711637010639260279170897238737850552524900143650008862597341364867167382576]
[3368071707484134916812693570593687097763305426234564628094083194894937992173855935610984213580486780333022482323995214425214003993674256850485544524897469, 6117941675964702002821296878115558261578363619080937517541714549154597889170379213851738489197835422687616485688413176394681665622853448517355504352731902]
[569825441507459543550968922181387724017448300845883045810442066259198738677430674104071998739331811571513012752816963088001227557563352354142565128245073, 4128238713708434470391146483915994102464308450530116492682727220495531098453341145320223843977761078113097427984460688327695905270534346943854956551305164]
[3341907319640716039522166695825588823193679326540841600818811390973555496760017250574072625169497607197791064125700715928594707479284069334470883068607798, 7913851946852833799332800565420238065360961032059238142401277439956937062601012318530008040959916370534534150578134010857963198548706876503942924220259951]
[5149302326008185381393762959061573832690880909883853171303377933049257375802891039322288597771979053897776824344718893340258567476207147592005309717120776, 5592580147797323391943142954928279339203697328852466358224755445191994965671381056647253083746608215567452072683550828536958033330576769193013066030349600]
[3819314976220825312734101594253044300180928517003147928453213598258317482472373365990556986095205824499554868916723830809516209937192340677363463083973913, 3988570584559697540655860553419482070085708953640927436091099110963885334368894920714428140669378852991305014617623300972239512732116264795776801302567275]
[5152999491282933536853131615699908058040895670620178449831967786912999630591240935373411689031993927425834639486206991324932963492401040503415567487094588, 1737201247532689380715027308694590690232975031312212517131519783787706780624972513592346416636010330937087829820706423436353433842835255572431049715567636]
[6613911152416942149190326291024121629072279141365645799384410153654244776095701234204509358393790908212698608949040038335142202141686707246286616584860531, 1652045427333967765920373090902059657505589016595770196660788196488962026240769277939868586345957819781399611769867699259666116305881008730931717540525344]
[1877537180394177872635651381503147969583337408266461549638395029463956840250747261615440594107965162208738240622273506433239333520066417870528472033748762, 3363533621663230613880312177381408533693142205083244154581682570271966455229436146804425740206099974693979112901199681308039211039911337807238071884540751]
[6905087986690110166283214921350726521717093967524786191123604298474758249514659963557927669096053624342369047430371052511309084332587552133801256786480677, 5356640229938833393944601882584618831900423660770412632157803432583559111054652877474104840079031272055280945577268275664585170415474357422635565776501692]
[5227683003868940357005709110519138340134048005961494372957122284524062663992511300531527976590555752590668779762280987545674430366172974274322669213146958, 1730269632139851058889970050708886609364573237130873977758356942617249423458866129601559197324067060197609446512886136048978292235099812070063397259241399]
[7964441612074108253722670993407257107266821130479268819817867303558348930824440653944418302511134940006701400709075816525542861836808214310819106981305429, 18935438792777918945736379303553283074365827954252159572848087357301354144835108984110279299749722372347276262276546681487818826464858742382112669310520]
[3639014453024391883032179911277952584310807750932340212454290202722128816424817967072219330580322221351048989012080065385145486458745631984452256131029114, 3369652116105812414149845688627820173821547769869540510696653774815498614084488518033981242763384778194208060725403009318146762287550285281379842434620269]
[1415029535996560613926690984994592530898091297181291029119282655311122919738582936684333886720802712143677640642183675661006696931275067029308481403367035, 400300813043672800410886072552230354935231814576840675329058667756541782347870557020826983342142545143113065633304347539194752511358231246906130032922930]
[8406792586580903417196570112495603225198747770098000770469133396064667482843506463809034374903692676101294484127092434698810224122408602537818860229953901, 4695400499392831552472882485942160146103312095238581663420945851803408782672546600466899946648955030443152726041241434366155964241002728886492733735814647]
[5915601332621273673954706978028147040095852569757830881902714272288171187498762254461881389667681956867386799951449878663440892124160848717694077724065393, 7304350287665190848985626177684098087401837496980313195169890106894576636196781366320726419433572636071808541201312942999727971834707914165233611471839950]
[2278589419439264352723034817942205687038271228082626981142973993465302830802738185445474250778310994618794282107406274117478494604523691738197504317587133, 1934212915119785171793895988147155933779699455314874100863348418534216004055856524297748637450830594858758380542728655239945464044763377738165124635677056]
[6135444318580021066145487054428299166777062468135604110729555898603688325097619648403339007770318437773024081606613569072214972661364228356534036335914322, 4673065109815613351347858264171090814593233718799428558342451921436800838447205538327724412749710029382126150878446165336999643444704892845731058314557304]
[7080115925035936135855109252295045745145365912392798137745807927053095911575902461170042079713706737362718913330068735079353180830351879456958138884414077, 6563661129420363658451268586912382264070834178903572218454414775498541742629327788442727994019604842066426027813393373004391007268313053955168625358434308]
[686020021969043335935268271090518076248103814592218161045531170873886605169078120220641880668873528000333591002276126615997514716961167511867826343378451, 725130699785519846862841269381530516252665493787473243281077979620390842050280296005326033255928745483110796120218922974859772217241395481312414972236259]
[290272986916196282752644762537069574150702131865472411412217108445984140261677775851720468872617744617025566118822274072279905961544029591987725878081886, 734378477919413643231282839497801905016713463746472011141674440246749955284731331045607853034815911860795797606930336403053210634770719696007956616606377]
[8653138744439767853328083113076931630261393978423099923585766857795087388435392264297484368702676144317476304870800009816915374000200527492617939096180234, 4041250468343523702801022566308208371488900862529544985400009748070141532895101313931784894084881759695053225710795721955595440530933400264842937866594640]
[1856831101853811292655875349342728248660422203028679025140240674906494933329011066605114048721692666014870909369782218254062051076960303623479576922892504, 6034454288623339928494537810115580996484763504328290911824005645497640187259405964730284821050916267479631532973663078158067257853421558639620652709031692]
[8188527443894816295944531742803971514816209525804672932284553162169991038217496371654756454327356035329289924409729158080984977750398596448413990993409219, 5383800171888948395025477232676632179507957488459590292459494323000438975108362047422093400332881793433269326763614648380939248499558489285166592746715389]
[6898185128887071892097522075718756000012836753526346720130948838484359106881650009467257204391916399543446906577990907085995606869678106786588648984197172, 4933841080131916036916379964603232457501183826928182285311432905987390171134259870033665038591591402967761110765492073211766123716107541472891682452540922]
[6912308781953264388838393910508288222543756679124896976722748126105271292782019592244050432330285511499231246934778617206416724586145357185692195932312728, 327703704432977377149246458601155359888481490890143452299251946693293236781219527521500265870106277388910335230029903633333694179926755478008861052181273]
[986247474924342205726042815698860877630716543131275603438935486530335171476309341346419240801161334426847148282224451806691858250025724472415108522693590, 3397871654482661250092750738467189871691409284636257021636519304793119234650969131550073019007099669837025780004322316574584187994816399049134106034356814]
[2032874111666245010034116946343445094076078213519115116216508265551543711148207098990912596444340136894287351667281528271791346382419391516651013520827311, 2672481399177678700911106115572197581639596827701170989047685567292601808324841782464184013654763463521099645225315215325913970091486977244964715624268166]
[3054150630296879578167816158245062853786544562979682521403813294477582421987982563402948382920286520489825203345561054457087016435178118250192471649220270, 5060802783105072823816799928598347905392588616068405038551241482479763127016323883608474823794584032118689627301326039719395845750124280544693601317086358]
[7236059108085904586480433185824620105897679711217906537187275518153363176294164259300014159641645286543513714809133434580263363262035762851312023096559087, 5582767817151235890895358571167978361161354034765642582177652107396575753271452851554267085540224120252999752320226363661116603340730752875268693009336165]
[4535274227045804128775917683722400308571669925729889506936688075814569217211947552839987463231341121000949892950069718791486469631482718368056240904257583, 3828028252171235113749136984686025389687803547128467672429241077744859869091674768397369452122067881241337817850207788994819832207878195176848076381682373]
[3783670295859031580191592137511376130591920801367958809926979974382949890008188355850022440114316032546655662057399764109840642153832271587831355353897402, 8305740733706801962586350072189903289921378049675935594423125230340673239339906473373919374853613939023854947571503736587215117097412533258609307721272769]
[6779913557333945326383035822302421695544499697254407176224067201287873904627586741654217657637869283247699254985012312191909698734339680470914860871271076, 211210017416021992752413880116394453232055515500520211655360284333340936545338447532036526268429757196354750016370781815371494632065434472723240314483943]
[416531302544942644826572584103439234257784144919269351141354215885120675903266126911574804709685469577592085222816931728074692806254257501697500401491327, 2302912677990990384420253847976898246849246144832645312200982083676149394130600500685929898135742676905558685433158567567420629315829470760520096403517752]
[5926246908072675689534063829092716010998840706687614073391173407414141223529622258017522339926593747903005089931132657732793930790033678246233967128211046, 8134939597321590311765056599289269554422617415604892676916204171179848711737175077106866495151099874062227785975610773027116804361682410141704002952530465]
[3507416502602342842044016448430306426482546902892245311922567976095488540230387363425162341984252874089649333464930902096581981089608696021064626107061776, 2977316035596135247638784611677838330147826557316778457156156491311914948487690210428199279748719889204511745793707000693927167108684741115612716090634377]
[3201764860270029543551197664346325851082683335550953513697738382225054287883675797183984109697071810614262659902683761913732610091411103636638620712335767, 7100161073216144155574420653174074667269647065503072950309310669359622294086411154482890142372963224436480610051057355645445816835323859624184421978414964]
[5541440853543944136096644781299266697666868452064862615806138533833729464789815008229215465827424794824678210760532782921795012515343439295779079584020024, 3291798006265218132873566830583060284224565201648570818933361005522824238020181422168421908541766527820812039269751549898675154652197025595277171705041224]
[4544316386720805304627773471728133456806736473018853828259307609953159174278869450580328906571718612040180373108628621895274761398346975011536683758275467, 5115187882558619740630203585481897612854467968304175293351586558938894248618626204274419949409624522159948946283135476069497053982625493049928166570590543]
[1815181410159077804895700943715427226474949839115241224369812196209461583187371702352514447287792679159578494069491427402858210623446202805710060708902997, 7218888329500503019184806902768364824873905380351619169539284060821541448483483845305912162985731402964423861140312759286641812729975305074397172837215566]
[2415683371988058362263595501455333698804086284495163318135347356117223121188917529433339805507877383385022573634454339658409022248437168516675998085446833, 2195335213909124247613137789011297625559840016943650380600246538380538306557205486136131749677426347167889263388849107026541177193284701877693737197334240]
[3030284444487489853204022163017687195376086844694680047592559388167887990357715417580410368235547990414485824054578732839533667047979793183628221714532442, 4860478033230924003832491783299778102064519175889936237401548934397212533220911864793509573941079997321981223078638748750126677998237743202811017637242847]
[8755962589501295854543236463990814265309894164192002085151549354385707089441143617904248976669786847971819183504633775709350648368800929939275122389206634, 3475941020796769857491492115536734709176174759886084258703397979460412393042434969342573959769178795604939390193353127651315238084053975247780648932192158]
[6835601067652204517818041342667262179556678732568170500155307109265683920638685473942528090211691499436855422459455371920379060435187277023058164595765352, 507107938071057468325276616621543636944544418905192065488301637024456119242047386595861747688857203271925941593627697193071581656885288762705309670143598]
[555582182063504478570161332207368130303239086144157030055843218173835051978924598637043597007785435205180262277429607695979367395515069773406188298343245, 4582863208798297891144911299994125266030931241735787406260524850013188113440985822039556982498387313161155522435364166520106634625782417923698084875206847]
[5924448586429443738910986759660179136169897855431364655214251202534189186886774700327661290595123187440704704337777759894073421270914980185703843979088655, 7698111715011995850892410539913836443522600527302406734900480093858325611116543605891545798207152572001613876359546691330978228788339741585490993808234041]
[8103337286606897222600090869343782873816549230159967275239735985914809640783168331988775912346663513897849001384194322922028351760889851554626803235053193, 3676501758263929024658246781128034911046443973560793899813175624441364796399425500368634090796930354141916361397097183489788425087253413600829426064716315]
[531314457436992027186993771698012018470118016666549554269643994635643548342602262102059257968908681508248244069977641197609450749748994303976144900911117, 8732797253475662811584433889455215430090041758196609939467596223159973750147734309074209532544840002667739590667868934455125422386222589336587268787989701]
[7448292334825195400460948686526518530001663849791878223239181872388767050651875997413804706162216619895284795119755476312031247322946889882248300941001011, 3694502810010995257384342712081749269620310580817735768123195815760123939428769492529035074862896844047469656548762228473360901262142729902920610984211868]
[2135023575400855338625560959677663111147548116153950204315038509428306676280759194882952530202545198447828129288079097221248830053061880696270079763257136, 8113641755045277816790852376139886297021069204456896655994863555701771111321030197825659272666216995063218783122979296906233914526029651402658842937743120]
[1058986799320018638581304103381779121206667649611033896883433820277881498042620341028333034019662541296087873901985723828141328679245402925481938431188220, 445632737569956109281655762398382643885542641838397730150615528573869149489328653534039917997980680388662856140046540539273591286947625591174768252517321]
[5848361649767960640086850165443429071724307264521088757850778959509390918734591693397434346902427183221376233550744079195624453903045212616095698361661694, 2755537535288596954526405203767104821822978272603581404977420319924425944491949808252500244382752202280515446914414662998252656992099080387749596063228656]
[7898209684194962424920090780459939913622360563205885280582208340406545797618695848335361744354272043844159102784356073797993418272953964487338780681471295, 3879187885593459885698560157945612531244794712164727915642234916352631685672603792530214517016582395684471434179630993876241107995855032660687013885466500]
[1238878151065966460808314954449218883316670970007037992266156711261975247597585823726382097472311869338779689128388039174831412222169286071831074699802891, 966868732703877239642924010543656748069114339711367211143959202551624214102187447059700255021797983024486892796261152455241568861627543945539668812711454]
[5933666179494794768912668855776905249231555525018594017944151524324901599511436084281858148119895989034414929428025019071306902477196163730893227767204288, 3154933384437995274005625904219537755670963992798925030457698493662741321106669997739579616586635244906346687046736287696642351706542988725541414370328473]
[6553867879875635573018455608441695594683564848687819297205786913021487468589835988110031027251209804871013342491643752628881524341548378202716570542967863, 6944816925730810022957901159733989388901238854110659600642658292195343267616583175122048253465823588758931097613692764031480977438088508350620159220273828]
[542632024775027821267173504304104860224038622722894576269658973463696281299455221725008462481644973798399651001115383474763531698925719891081474613498412, 8256055743349031943702011323559402310606147463703248760903258972663874572800066562707846786501307574321485542895735915558332432522892704779767199385354323]
[261868908232763153780268827191108072759580300833952945746032003072635155648797080929201867608864066885427483270165215790408286844729700379723372034761220, 7618041311225218522413158417412132172648977816094830317717931922635176285468088512198145057712764571757565604573734696365015488200120288439137708771680285]
[1475523890755986204849721686773012247913715805721345638345423890646847932826639095172860795026011010222890722607999274852514064866922007195437732978963791, 1850038426920961795888929824672266827842716771708041466422358348382022231332386471139086471205740778452478134849296632205786035678153095592033883674294171]
[2092206074244809988481706893715669598178975371120448663167101417001037570895661700058596830656504050335435755634663809013454246352858020668428232837864377, 2745166457088490375710327320679353038843318748954174619505584056738813405195218730361909878062865051578448178732425795218090830271289933512204076015311634]
[6299327779737813670112258014275162238945173548104079071818152555005475688927270938151719567397904984991812402056596731300207120888079220176917264408619107, 4547269650802654823373616503563063684654127460176212529973088844736016373626292519124640966186995045178758504527123722378465691934174618496770800079134322]
[5517052632062845727722871723985951656313114460977617114080870786981608908649722679637419480718086046772065358718339096534069963365005284684281953977825319, 4527445014234283070222939025439353736245976843598931640297992769852705730087265369870254712092913828743073330194286725749398474064606202679290000978267101]
[3302304599945277115442709682145225991608902261406328123310360035465811041046714745534231159411690734995103339126574882208107552422390537750452972062396204, 2950054847535013212040006571950642705304317104704651694968877418980264050876647521546130718751647480442565916895282880125910496888033353673675244384693201]
[4425121349022918781528637175444751469544380958617807465933153420490482304741015786729189402386159207831769325103840002791693949292464198225284127273455540, 3850749166521131369896886657660725015552729098894767264760359942914666372558047170272697929057669086078207214477148530503397443798942730617193962512806708]
[5012118333855757992040864714117758313858089399119400848066689756121152935690842107421118453029811484381422822052740688321672932825860390452835621274678876, 5399890787171066521456577556276086818845956870498411933696828235511289732357592023857214938645962984698661444295746571425303361631603503402121569768938234]
[816498033735269897147265228159776960693284346668436285075834567028153582910540174382323345659008432254897620991668000528665955035438674510723901139159439, 4395639919894198159399434544664130387466860514262899814172231028842468917992594015255832097691017105026980138395213356272068820338653182319923741843288545]
[282928138747427353464100937293099379082195012621539301302915086390078563235473908026005958090477360795862420286854508997818143871786087456638760303704124, 4515189167024503365522819457607014069988129884480737336994901653032284080322015603863189540111934148260063226063945624344836741491111695618067200366010689]
[8219391126263650667276524006865232379820757913445704733284600750495303481126274787078046099757033175792650305530176420329279811215718145726533030123570791, 2838502196182086582396190798658295558283659029515979558735154762282464527349556359887929969988298908422982673239333804358318307056218714382483612543839546]
[5242226250428532216441669583116146477227563661950906095990382792517194259461069504760396728277500874001856106370368218895920914561984118482451043014897209, 6768848293346161500172865556085891769919025141218778797294541852992011998444037787916069788303198258417231847582951461830789740118695308718350776144262566]
[5688259759443804024579830809882787198469189763131348289036797396908888032448651530373523184394612691251092420111905236434335352828694807017626789144731358, 7347011159929943036749585451124096278237132195714318048013987455457908397416501505566534283658018298220614317511650931352260188844951033883920898503841091]
[4854147671806298455420972485865159687478332569669225191888394723305512318205338303909283731213729717747699024253944205528347205689351022581672646800562302, 2531409380893806308949398523497327850915032358293410086652996495569518101582692609256362729274002551237229390664960744173954253666185603967866741622207269]
[6865401428020030364750688724000832123427270500797146842693004513910680983199172914644740111757046342704066886107315972976484311664175884853871430245426952, 7362439582126245915580090842504255479592895875576548767904992588267294292297896092152244278750716143934844941678222896228621164004855290075618922119928691]
[7903330786803102554705307848467200512387774191165021129299689504420241502029226249107186701896997376279284542705707430992944394080571253864502886314066674, 1968435369934783340087496039343950321758526225431629216288305275534382806666308845508542864187359613973288440868937767296551798816950221208947644955289792]
[8316729544780705230388510510637130313046416368114469715724500131696608019706918197869757314521587000265533069278565773370437492234026654290660440483699324, 4988083251618558783476241473680236750507418674458035010058000431585720213225658782193575632843989524820764623623713408863254390571481972192337602259039428]
[987305816275566225070430295640623479241319315277109391792941804592475089655845379398281231148598194665191216152211586217122855561863466387838177155644233, 513914650091819261086764472515845805941060988838465103876578674480269549030403107569748608008283228698461476248932772073598823812806272161434006083852461]
[1971811944678777784500122598225055198139963537334221094231768339534946533675341379614099468613736929264802812037795297031980128438162390937349749530812121, 1859121380550833358868284548065756676031718183498522598445250132879955030541946863522209503730479804283642689019795621609083952205863761494907762746597160]
[1426038141504522114610990606767802931546644139484715663257861562605252982031072885363912129402528560586785905562080879159168553089007425348104588880714906, 1471970955375882568998692116662838825527500174925785126264604075697581764352156994846317520764193346383584048898389998024201382230617659677458678685574882]
[5232143915539722623696752595928126770092315779281097107441078174051048830961759709251692431218715160061720344950538384330661601169609984615890371590944814, 5407846575110000427209367578174153805906654688031886698796757350408344736975799288308655678289911495426981314522382439570615418479609298797679608989325525]
[2158623511572917098083781704380638738943800103611209516907200243545252109791455314956925467593229822983205924431592438745935681069501222164598154928263329, 4732855018989044503726347661598444039952656488528291206973366466187951907941069598088054848025918317321561571095247704142885565456829069688523675299833684]
[5598925628564463714866355275480613130697826846252999273413202255180711092689501375477427505804364534922316766855289411274328150827145070421019458940192427, 5979994324748347937545703108624815594974786136798112599448441414717992295348703045403332413513934728096086225832627346758635294535651282800625721499021820]
[1399449853028342282782231704957272536799270069774175384647699014775845991753522510216249581914631760732807853130178497661924058878834317496693261997208461, 6714534788662079592578002888382686256314204245339371999373445332214966708248074439869899327638474082884068899320349495083793573427345552821530967901336149]
[6284761805765110449608004176878676713599110508126378170872703482592102137911424211726998862934126894131229899323315306446320361885468490603569114903095542, 4367071102843331954313100948156031716659368427245381428398337032650606721735820180935586905953606757054627517925054403832055453209220735888363611089137627]
[7564323034043627983394682494654096162314409909128482815162301152511836748526711256929000683225351469055746856221843361592607285106795212548693988275895591, 2624982644005320419672492559343313795257312855040779985787286580108787129294941496368603767712344099398116560400615630122058797671811477766637775511039272]
[4208786725076554056353643247788216883705757724298694286055623929869722097382295216309310424665487187199747098871530746993552581263948985289584934052180993, 4316623242387036149564218352434027117429386269843403464833160493004453673007202220328100683232932378377688479932846866834104136295181781486318898632952096]
[7138979435001516659956137575594665812282505696591977924680627386416529887140485338010481722444348955094061882585688041843347185929212752997272151519177685, 8599254952569365750340665784820646077845147082220702923266564148006506404551372392794068199428417709096105252574049812452092321946172906935745288547996837]
[1467150495630360629546529781404344711565516079627402170560343072972357850103512036575988911675573065780792318952238202749227424913057468487799605578236385, 6020874512154398385009800531572457249189804911309055293713971185354683499227258829619139172444122780074360572965803341320493329674632439287758945059331537]
[3236009672148507036161103578465557781970706976408631127001515816724808413334927843851026739327457279552919087093546068128065710595300614224353150908310226, 5366170093666157095158308126689447520705343355329151281829510925458873522925531389330811854105699010108584174930374038035624087718002938352953520770693752]
[5891618324088232244739515917563814743708414120989329846639374993514597489030725541304137223813012117470200083236557920923781055797936927173321473537068007, 7242395962844795098869387306195123185990596654800736247107002949851870927426453460909635560835526349660351074568692086792038092767269239886580336604494518]
[8286006141498155421300443460742035072190739336177144085248494733953325417633484437209567528969916976979254566669583940582789112870162252633869539741588039, 1279819590268429930014827087573477342070910979381254517278678441420933163490088266958482487691204568078205614706705347597892454878237068549977290320698050]
[3955878768977675919737082165002466523880474179854669594113901989502955501825278206905854949476207776724672892454644712076552679438445031176614122116201407, 7184830855875091702868789254259310148926415240236463563513506251801665116476503721993278833849847954149840838411366700455218889811362420758621623679577127]
[2716477050206914154753551203581907996921388156310248158896454294260648878318874447263935597928790200436805357231925905422077854216073046421767816071490255, 71859341297438118552338194749468125373386321541140330626123721766624670686496748165267429092406886968657826813049596222759342306683100592110565611377770]
[4465606427169041432787370357893854251220140551870009158052374200294834968373836506173838706893914946865675754067555110147373978459034919264209081597797099, 8012009559177727647257189563335812282934333859462113058986320060998912353189680789656279152144510054876314828536996971999060376520956732317302404610783596]
[2316294736670474403504490489625587678224254621585508260313224595464655880474867074824040682663821988720850769435478425349874172071898707566065254426389153, 7488829153446756847841066910524301288203825639855419961384782307215854363044075249644132720293212515686100289176789907894505125351089914148165905143894869]
[2105785442356399218137738420240967738283087385861962365325174302700881501987299953162871377987214088436102547049464511867402280922399563768769088118650520, 5473571318269037268784815779051216886823428506256622412234674154854269179665906051241817841025172480987797550234760031699628781561284714741744565901705141]
[4036818782930740171624607989878672019488222607226582881656509926104573468180250795257076035421930245066095940549638087715465343955954718789465873617500907, 3490703355283317368303607950376748725152543582396325962707929276391920289541536015485017229667726197475319438804857077525006884795366884656953116178267752]
[7141249319226177036768451653920582792459889008406815453314448106451116590272713936625087666679899426886142973204276104298265697325934894454552388995987869, 5405774424258701400697875759482078019908663699329362212110892777241323989129033707319971765924143668366617346155339050483989811503003853860710358864140201]
[3875145657251797320015292629772478388205491501923260379994032650131915626141529609977192270634831248676109721917220707941747161255042479633655317733555583, 2860819992907850150604609913992704106842858272745214812902919090724008329860117857458011308415112514324275927146596574625882796141080355557847242976872880]
[2237397833217702971760140571808468287554962618444934330298690701668299669433968405970201906539371477477584025479336619841745935922543753618282172338231211, 5124057532623407405699769785342284114916355579277660402371296076596573329220659371944647621106303932752083936232481494463403519479698146321052974548564054]
[8735671456891243985239942772634433492191093584071143629355147492130216199779034771236979975393555953034735582889292770455936229690785828220191352206224779, 7227561660909288577024332739638280463703254120786092339463181094036709009458509958680564844012746487490013888185872282384088169118081499470349692750650777]
[1303985463321207590170914197192197859820699115887063050765652746861191041177836365640576058267327512284463869499332608575661736602492063818129543362973302, 1804517555517355913960440253115712367091371914071768611343750772065331619737626741368456738089764548894391596529933287173368042098293594008376847662679622]
[4869249575298308362219713000242968278029056915101867853021144790142488726742026688176290468114511763789943127308560820308767084119091730844793655063746654, 8744862192460364773518360104588270124082002217810493481269237265993747143777655346443035412239239192613562280060766765732880168613922509632344198384882098]
[2978514481683357338546088947968884290023833847730206761186823777721000748155698311401077137776920609665302880220708095782434130571831776721487266380463862, 135717387485978414000265287544009853477930272796878887157963463001494902866512295461292826667402107304498711641323777388970562446141364535220621485127465]
[4593575034237776454583735895120746738422598636580625340009884290129205320246786166295699299339981230399179296632804931598790510409225166001297429571690826, 2121496368265722514693333385459964774603944448166940529919932597594272965510140264573950315650823198954481333257087017235911700264671644835778756211113713]
[7483346793162821895120954584838458201848858530423218835528089299899422560775924056603782688386918051018875322827887519007286620891755521314804285394819960, 7615069303203917330682068768999260586453628685485135416917135860813359356664310949765433011319084420413079765919033315291380306754102612617990978584993776]
[1863764984224602779584253595577235986975949433067847973643789763079135002772168698853203950088767390066209176194433633749816877400485075753296457032528806, 2658336428623894058464080664698356718816673258645110220546244438734232137386345489234266962028888103238551613315915165939539522447438755533884140778822817]
[4461867558713816772496595768179654315693725979395620350387605854598095989619683622645261829554412792338730999980787196732307289915370779329690569041485696, 4872742729634021412062878778695498111664041962403287231095561686359800266270291273349747502004738512106302582542260843205422738103173824084091156597964312]
[6503886408621356050298806053718392723058477591851685197750330467863028021058223175901569088717588556561042803116370910335596551187344131961015064949831190, 5909308165741008533256744341111566182273368970906981633374153570481324985790476980762133157990339318027125041631955096654782012358392529703861786650836718]
[6355659796070872917765902806443304363865503953076175840836050862481487226999344182952016080978967035800075504660871649723353586296637939734590100534592548, 1561514899711802460894449867899605445991834457624581346483349553066379287430098339314869840756442399447069365712732626725747744485375054717545463897757864]
[7135839877068427418852957310686797162438286178584848134989099848562192479092278036373609464827220135733774837886840818901896020194054096151303594203155629, 7250054346639102715830882739604495605314476718523486604451545036381829767005323220032490363222204739118362226215350664258667845681421105358215719001568314]
[116798984303446381150501031687214070141967005885077559740003792377144578272542423475472796539330061540183014467678186980977242474511403141531018230397766, 4532330326632442114070343842150894615844900631678363069556685316695553868044075830191518656388565038649002190396376001035890489814515544609236941722369295]
[3052526985661805086335794784908899373193501081625709474301758450594343594456566377039978986274994801270489604940083173738502569487384479470925974707216497, 70426776362610965888530379817333668074572218296647544905847527162501227937009543560012290616849168739800755808863378484670055677748804036404245662872199]
[1170441012695693786315505844765158576112063506354744063324633256988622037172348401552758764585822147028607256274810486063003263241441590690981371938036309, 3223016719400559265021375971671530632707888706732254572727379241820789999194801310399501447567321610680661716962395673332271223451621863107402878888207385]
[7132642382188416908008489279835342547539064536179949551154516252497563465502274634582889891232309555870150648454694621404558843096323861942369222322371171, 3134492799728124348844576795527685786873984120529457417077819000419735344353220949366440606074235946726133110528378046282675115256333256852410919444655898]
[7289603682209739545136593364946459152316066653692651137779844937653118024859952751075444284896853238254548199278196079637349843150512326113884046503362054, 4852678396934744457698323228829253730042883129257340012949522681876354210047518248933679195136935244159770084636391429199556203566570763645596338062955938]
[7904328814613871211070832342173457970416823384961434510037991884081025430696745474129455874236774445038621733335401623140887752358636676474401405176358488, 4918164853987005607044565526152772908431105669958554069300054529797718160334002822777763881015685287299745486331848391233663117758491535654721451031049145]
[1954326771554898074683700349165267619924871353268595234418238747755777380146768166268669865277888121056661210583817645278934919416775968120148162981228291, 6937391153949978841039287290539907601663389420998053771719332036208399045140778478704872113988275530936972880214169501731190589087188477392200534222445268]
[3674293293546224721816677207496326615659320561600484683812298005758071586456921017685251808267096619913344786309574654992803830432840105274001353019043186, 4958934216213612844321725134873613527745613707318424544573440682169447617279116905799039935879140681406240600940267556486807901006826509775524578468531667]
[3756386270938745684246514283255998184551519283909548766268428647435976361772217605514712634751043328018498092132722199513422283272030849838373431718956913, 6400622999493326749835938114200570376648887393430281382802839706991856652039290766753452254662517180183387989402049573462331175479752631522850222067736024]
[3542524517981523900214909141937664043658118805403729570862264125402311114999455765313859029680746986507082584264746155850074098817997413326703017822683273, 8267508855247695437465326776511660443411800724357886280861664669701598098187223752328000768710372038741567765070061390781644190202566088476528661971142363]
[3584314105538017762792524193066944215182771579177085206265816498446448997343983722088610805410590744830114047804373879483099543253234342459197732967369708, 6309625089671294315978542962838923420530249796303276346371481224096251368189977203360716656408943237899641971449543725073317593213388499270543448644495648]
[3123052504989761250850597077638465453404014135421373155489132782176220984192129969156503082290313643383952455637821603271374261352448302501297068741820687, 8127409863200738386294530664252395054104626750292084608244649219929106681751381522146591040179116244869063322593983568399937816815068811156135260879440425]
[6680799530396507500229839355521704111839418566761170171427548482952066305563465058080303936679267047049495220725159047139632369668240575269550679991336365, 4196076779799563009352511974181484508537504391397450101656129977888519310144792355935552289857617961226008651688906946218645682465606974243903947977012028]
[893750736529721264121681354052550212250735963955192334059170321109859670244003049264637148524157363373933641328550020733884834286677424070973430390116551, 7960763345032481873765625920141736300735968860952550966362680255892410172094096318840594101538585881460402504870666708584960870870201544177777893203297612]
[5828738502791424800019099957974479689542981504095708047255261987570236982717948601688426954965104227880825501580720905313938772789595931886920437152983509, 3202208622010101782201530605218131406681054378254067310524675228802011412360230043441159753146941043525273068892160595797084534213280657236517703874203948]
[7813425516533086482898282909039462375247282640676723071850211171719806668536247537505357836099724074583133358513870862784272642321818878699019480277915173, 5065102379058209158224591642121311625272625277288021167825989430356466002605485860860170885783101099761920899345274873888933556362987840497620059866350893]
[65941325654878595731340208357019741426423616472432374559957984016642922600779401145744288262425370889603476453606838354350872382245891794665211616795057, 6007317181097143015780598707822880119620495094341648658604465882413393799832258692299720726191338540958041404516851196419333024069573680423485912438008541]
[1506195371221679047103605881397962528580843207116206653056935547548667004018547088979255593161361620632616648034746550288421187065437652472474443078183031, 4100974430313752316714118731619462984002833212224118690729400919369753644479042695737304639324154478574363076028323948426974579455601243726553644841817686]
[6942305200098844848996826586475768184093126163109955037641389538537141211924737734874421351811101931188603604254825548869744781281647099951403984483860475, 5736224119292501286493621975401633690574423160851077847338665732507221501943695605107694532092385752070040179909029077620896961231760377311247593997202368]
[6642903327906921047633325255741722380227664561760643261082421931772809791995152207452161547858059790055184975606020739238536869737851134957559327631123072, 1164540237573776989471018672626035418793671164837082926731915868735382326878830229176303530685261668075185785547313553267488718704569602791603927723960522]
[4961716438189829908151076109158351847855660519902373973773139455257888733089025614856047428303915094482809051810458335583963728195475046191930240923317018, 8611183537630109193637751356707565485152113894931532224711519553816253608444017932300906777740348134048584961288627911792003282949925087267875799246907192]
[4127149692060519009002099152922521865374584626780927106184238019537403408058383209590507069218472507319901592565443757192952209283278292998554280204261925, 1006815801474734604581127135502536094186783410129884575765062703409651015937555883274949263506296610985091341223709569447362572961045588667970085062103348]
[466586109123224782441531801068248592487702305941484154598029846714090726580725220510523056662506824048852531444331434712859686747639702654417119081914468, 3671406039286566509567379565730622191619857657960616792016585197317252879266574702195725664953484397020659235194282948414698010295067036841242668147446996]
[6961443165200036314629133384639993981805827721638895014412266452016552357901375048094042216398161313839234931510438850008877396282139412547885483812699385, 3931320024560196631366909353914031005250316458490429518261678868097089148669088683016715414831819718670929263854431234042811794142776770082579930893096361]
[2285313854260706418926584324750831488426499795359755151929457925215446987127627709811892847870740596520903110946306354407731431557931939225071274475017603, 8118572087930835998213566335754892949991688964565278001543967210641983850466842471963618331268865330315635218241831691570859458603580411279517099498388430]
[1094094086166926863901714828873432863272894659620896465166233279612424330275515501688754593268558484096415828998493904194977193047370512836757204252907857, 5377238669789064009545794806187641446037506477013699756582094050858726482474987059844421439996546467985712622016653870938711832535825434466613571476122650]
[7624142461613062274087733809804714235822879160938367414902713765374499247405366481763076722772234595285507895836177915210798435282875890728260904548415155, 2744023504684406536363130481437153076047234026570520902180205004078552366591243716827233241538950204323007782963987475030082965237835877476799131173773744]
[8645452827810520215294463011806758045185536359283251227967149017172235380828240434943439066699034551493785295879694655254916640385208860450229173630653481, 6801055796435534492001586593108866537888196359366456558388690279042169501146469936886334893439194854230947295934110397996687858832712723774116613438100262]
[2974067385559830928111042576951882614783817139423327713867700087984687142897202458089108679720256915091846291220978148080694073690221768362896082695308612, 8535197305293870844235776298150051660232264625819343303609640495298529923392071742597621456594007548492221936822725619813657534115265667269570225375318767]
[8140484808492976341400435868420035115782854434888034261008343592515501662414948420001340570632908674052123239832335189320114992823897395499505996658067709, 2922170353924790386005219627050062939141620735671122823495484410945161883172981114345437851206414434429231992505930642328622197339025247654873536101332884]
[124325228194071634988090052443114894095725192423754334285188381576063802749930054900493229338719365083447076562139514153249364481213647346291525277844306, 157932762452459411288260136752656597012321685970898414462447751256333817643975132001750278754808419588758330157772886279390343052021849459566049901470630]
[3895990542191337171093907918295433027091826186696571710713989420597976275162634630448785912778494754166896898663425974915679623160641972648159995919002178, 3411374455486150997667240631660390096499593493668197902786012802829086413385990406729831890328634613820117182088387627681244770111331594551648934879641752]
[7064157262792318332083880589802672670367528138368295348566095581567285041492835053226954385137762507415331229760870000238741544196892875908349998484753628, 6949148083556185867177697863224117328832106579528489621029154337180939139256409286946794457781510049966629014141794813542725165531561799838409280760548691]
[1068058758956264456328719060031633732349991426789564757443747821076188936780016793593950053675353188987129773739424098595674591710513381503436774228278160, 4379840338457548849333445798760465942008166269652156739295675162097022178145759415267370541547454023429449889694432997400687200270345082482050064834624056]
[2556763978485963593697094540178504545519330811120631427416353015064508142030877103316429145234345202523353995070144510694296384196886414431550210352075465, 1919891400342031035318486380063452298664382614521659417187961107575073981623675457783319337794194285077240117693319109293203151965634376525036840615266245]
[5507852218704206584302050002611553642128577019788546896216213613337985192838858126786278421883550784447491817875043331403508167159194992730327627051965007, 8060856542647884192408225977542030391004134959879224127536416746520486837107775406734781467836098783656371958559987894623758225275571590311182984218805579]
[2106888098798097379652167344546606406194290567609358209986989827435498288818911040320818630517724026510480157628735907898213836767590021469120406922291343, 3541896601890104873269417135572011968752407666499019090849515280427297148516915346183655118002508969565997512988814009238959581395940242827841958246177326]
[8195603733995021370567006368088202964043319818117608335849107122216921428185192700977492994214506459409528609540354869075306188433207760897880501095570934, 8477832550575572171849800190695253541466625933608901337470650549010681700534443222885736203779834583581489706360285966124324057523590657034503193136735785]
[228311992007512568115278772687347656403071534336391393230838409808542215089411637742619086328589732483535085955351301999123440790786185092258283897017412, 2404721930451282418294003838311381961555803408702547917330011081777705673771204454857922790182825057482649874226318874135110047694755698025915375064790982]
[3781470248678582962924130537996135652964737726833726793980334485226505616957607747499041162773383709350890534745679140466043682964850222316411004841070732, 3866574651549554526658182947165886833137972795790185105093101609381381913753300650114542292736214377514911743238454080422702758208317447463155630245545648]
[4281670302627548031783916622538966917349617266572475973626763174382839923471236552259131044442806267578882663377460005178033530501677655307254310950531629, 3133346687751471192236420000992036269588348808642444847235092655610760550086517647901414919900847498441684262434950651842982427910885803750658406489253179]
[2808831729011247955620490282248480210122973963060204023330679120911489224407111923641057527883751885833831020265561480978092251286565634725425447738287549, 8580256112050510661963095007000315045939784580144377828635316987755686775690125716521149298751008483149239165451759306873723798071048060215980681522823953]
[4777963663616243464323453647826723470292757964635016586507329914417820833357565280572259074520048411766573598389791611174341706014981617335855561244401721, 5532481751023040357189102648575334100798706465901551394048986099408870024155017166632050420354496901874292331282280908497266930019115331059016334056802370]
[6603272786863275745714830170182280609093792785641515652979925839977021344094785457253609916160088901193654124693616131903213844466439868259327065774051001, 3572722976469991919659805289285883270368950343385252273922441091213655891626814232429704008988525753484931677846292542408491027606305906822730504159985763]
[1926724797158824185188153968804337791346206071679031715541822446427270727462789581804618930932488212986374183523772963585067245674923895304553100466004571, 2185282008171637405874943604495002480618918744243692069479457430930112984581480798261178827954455280076954606643103689861399004856767527330737377557971686]
[373546739993137661356168072460622168231467313174486337329015754142539068093446712796035674637689664186339215562160051492728870916211025868064828566695456, 1317675345087598072755223874367728297784380521510565697599151337700239461290590776271737770127756358590267731154767277184068564835665446768853170628284651]
[5105725229810096596331018852156166951937965767971156451535355188821565493194898159051957855623583817677184799290608147878225075652724174707481221395721496, 1753788244725747132219975426979981647824428285785500005872053773934694917152655685182283234040933309257740593008034215521137620919339169563329293765079588]
[8554381361108040560050326159205365493834649069216979496154679140677179685039704565966142471796311354254749290148108924899755654467729119600912105399751387, 4317353470311849382858021317372947699307319768063091530667568220942697081027677373668802490600375887067867103156361790883940326348059544570660185742949765]
[5361990580693347476316998076670295996618578169026037082244485870299506947979008389525708261696491629247547752133135618595525351602110578119408122134624516, 3838982482018687654899334940727900095086953390678108626167820674143904796907239431553565754994180912840954037992244003285558756687657539565248913165997785]
[4110798445664844238566867762311599443516041811216372807391611286001663289735040273697545940503467726776972465177872489588824642876890093429869444354335348, 8648574431693580526241856880199267979300968664774939759855356281491897349054655991243931821054234271369958944472626051257842669415257277691918992451558962]
[6677897454912988132684633307856722749649485693655952483502154931563760726111067522884986488371172292605259548111560021930885437705891643917195176592410741, 6015000932648314489466357644122777082657785628573570685689482618112464075019588423003278169123599947195514807837018304162541963602781804962517262911827570]
[8347972100273074946019682984210670459063410601379644108577426085313307154845787504661998621465415214081395359339040765802240286386932404572242797312199145, 2744869528009752309549325695891454178472513651552833258015720042347349762276299549363635452971042061170426229018937268004577365625375129794004686472502608]
[658982767778204514515407159299572985923692089361581388847810579350714094744372595377317857140823583269812124933933410735252966368340503442767390372854066, 4332357962041515802720054772358495898697518964021533913084203235876164461717823778743928680474699974647754290988945118553569545345483378570758456982299340]
[6331089484456375887128554992297862325095155632114245349038763743178845487068224249507326534700003020613245344602386345336413047201256812596301936833175019, 6244300450319883310208830884050410868428021173666437889436943340786819953863997464779195091607580570790721538901709224946912040970636235388182539944849139]
[2875687463156575056836291694337463143943144125562760833691082225068769352423092142722854359532890848426727721595544662608297734134124377319367270165442038, 1949147064444225156817881015412620749117234936735037727905232345318815575606236447753698500084460737053589228602269668000749746075876489876893669586332138]
